1537444620,6434.0,6440.0,6433.21,6435.34,6436.183333333333,67.661932,6436.18333333,6436.18333333,50,0,0,0,0,0,0.0
1537444680,6431.01,6431.59,6426.92,6428.96,6429.156666666667,32.792916,6431.04642839,6431.04642839,50,0,0,0,0,0,0.0
1537444740,6428.26,6429.0,6427.04,6428.0,6428.013333333333,2.881698,6429.88682545,6429.88682545,50,0,0,0,0,0,0.0
1537444800,6425.03,6431.58,6425.03,6428.67,6428.426666666666,20.513847,6429.55535824,6429.55535824,50,0,0,0,0,0,0.0
1537444860,6434.49,6434.49,6430.67,6431.0,6432.053333333333,21.088424,6430.46484843,6430.46484843,50,0,0,0,0,0,0.0
1537444920,6431.54,6432.05,6431.0,6432.05,6431.7,5.696193,6430.81242907,6430.81242907,50,0,0,0,0,0,0.0
1537444980,6432.54,6440.0,6432.06,6435.97,6436.010000000001,24.871821,6431.97399721,6431.97399721,50,0,0,0,0,0,0.0
1537445040,6440.43,6448.0,6434.16,6446.02,6442.7266666666665,34.99064,6434.02781264,6434.02781264,50,0,0,0,0,0,0.0
1537445100,6446.32,6449.0,6438.29,6447.7,6444.996666666667,102.622943,6435.82252597,6435.82252597,50,0,0,0,0,0,0.0
1537445160,6446.84,6448.91,6441.52,6442.43,6444.286666666667,40.018914,6437.00420719,6437.00420719,50,0,0,0,0,0,0.0
1537445220,6440.03,6444.51,6440.0,6443.0,6442.503333333334,16.563423,6437.64310672,6437.64310672,50,0,0,0,0,0,0.0
1537445280,6440.02,6443.44,6436.73,6440.54,6440.236666666667,24.892602,6437.85307796,6437.85307796,50,0,0,0,0,0,0.0
1537445340,6440.54,6440.54,6435.97,6436.04,6437.516666666666,20.105938,6437.88245151,6437.70624357,50,0,0,0,0,0,0.176207947947
1537445400,6436.02,6438.0,6434.57,6438.0,6436.856666666667,8.114866,6438.13176958,6437.53075444,50,0,0,0,0,0,0.601015141835
1537445460,6435.05,6439.11,6435.05,6437.26,6437.139999999999,6.353964,6438.44675352,6437.42939031,50.1742921925,0,0,0,0,0,1.0173632083
1537445520,6437.27,6440.52,6432.0,6434.99,6435.836666666667,17.236065,6438.54564975,6437.22530919,53.3854550021,0,0,0,0,0,1.32034055673
1537445580,6432.6,6433.64,6432.58,6433.21,6433.143333333333,6.319154,6438.12410391,6436.81221375,46.5818613157,0,0,0,0,0,1.31189016031
1537445640,6433.05,6433.21,6432.68,6433.05,6432.98,8.650658,6437.73334812,6436.4559913,45.679235033,0,0,0,0,0,1.27735682598
1537445700,6432.72,6435.94,6432.7,6433.71,6434.116666666666,8.625094,6437.33583851,6436.25105862,45.3314841615,0,0,0,0,0,1.08477989202
1537445760,6433.71,6434.98,6433.01,6434.22,6434.07,24.897402,6436.67153061,6436.07329829,45.5666333167,0,0,0,0,0,0.598232322241
1537445820,6434.98,6438.63,6433.34,6438.04,6436.670000000001,5.77249,6436.30539407,6436.11573853,49.8790709004,0,0,0,0,0,0.18965553419
1537445880,6440.6,6445.36,6440.5,6441.71,6442.5233333333335,24.691454,6436.76822018,6436.57146088,60.5196701105,0,0,0,0,0,0.196759296487
1537445940,6440.65,6442.79,6440.0,6440.17,6440.986666666667,9.10143,6437.06813418,6436.86295834,52.94785471,0,0,0,0,0,0.205175844832
1537446000,6439.14,6440.65,6435.0,6435.12,6436.923333333333,7.42704,6436.90991157,6436.85220132,42.2577295508,0,0,0,0,0,0.057710258834
1537446060,6435.14,6436.35,6435.03,6435.03,6435.47,2.665754,6436.69482185,6436.75212289,40.3121786987,0,0,0,0,0,-0.0573010336566
1537446120,6436.3,6438.01,6434.03,6435.9,6435.9800000000005,11.103344,6436.59416995,6436.6952906,43.9878567657,0,0,0,0,0,-0.101120655699
1537446180,6435.92,6437.97,6435.9,6435.9,6436.589999999999,9.89528,6436.56963201,6436.69987929,48.9193269325,0,0,0,0,0,-0.130247278894
1537446240,6435.91,6435.91,6435.0,6435.0,6435.303333333333,7.191067,6436.43614858,6436.77687808,45.4861143134,0,0,0,0,0,-0.340729505804
1537446300,6435.01,6435.9,6433.02,6434.82,6434.579999999999,4.742522,6436.33800013,6436.83149841,42.8787515657,0,0,0,0,0,-0.493498282925
1537446360,6434.83,6435.91,6434.8,6435.91,6435.54,15.18706,6436.38118079,6436.93333736,48.1295381325,0,0,0,0,0,-0.552156571245
1537446420,6435.9,6435.9,6427.0,6430.43,6431.110000000001,49.174169,6435.79095916,6436.68478002,37.9083742638,0,0,0,0,0,-0.893820867935
1537446480,6430.41,6432.0,6427.91,6429.93,6429.946666666667,11.280074,6435.10185078,6436.38299088,35.3515346656,0,0,0,0,0,-1.28114009821
1537446540,6429.93,6433.27,6428.14,6433.27,6431.56,20.680768,6434.56945343,6436.0984898,40.175183402,0,0,0,0,0,-1.52903637588
1537446600,6430.02,6430.36,6424.15,6426.04,6426.849999999999,19.23716,6433.20970786,6435.39552375,30.7035145078,0,0,0,0,0,-2.18581588576
1537446660,6426.04,6427.87,6426.0,6426.0,6426.623333333333,29.90197,6432.00600786,6434.65771584,26.8596935211,0,0,0,0,0,-2.65170797981
1537446720,6424.16,6426.85,6420.86,6423.95,6423.886666666666,6.551013,6430.72740857,6433.79808853,14.1103245508,0,0,0,0,0,-3.07067995817
1537446780,6423.97,6423.98,6421.08,6421.73,6422.263333333333,9.70065,6429.41137969,6432.91194559,13.1990163192,0,0,0,0,0,-3.50056589978
1537446840,6421.7,6421.73,6420.0,6420.51,6420.746666666666,11.986214,6427.9888322,6432.01715624,13.0890161413,0,0,0,0,0,-4.02832403896
1537446900,6419.01,6421.26,6419.0,6419.03,6419.763333333333,4.747225,6426.53441621,6431.15612171,12.6689095918,0,0,0,0,0,-4.62170550651
1537446960,6419.04,6420.89,6418.82,6419.0,6419.57,6.274107,6425.2376455,6430.33127145,11.4197091421,0,0,0,0,0,-5.09362595229
1537447020,6418.99,6426.04,6418.03,6426.04,6423.37,49.624842,6424.5826063,6429.7631464,30.5264518252,0,0,0,0,0,-5.18054010614
1537447080,6426.07,6427.02,6423.0,6426.92,6425.646666666667,14.17883,6424.24020509,6429.38330707,40.4660013151,0,0,0,0,0,-5.14310197303
1537447140,6426.99,6431.37,6426.92,6431.36,6429.883333333334,36.71189,6424.67667004,6429.33303297,53.5945185194,0,0,0,0,0,-4.65636293022
1537447200,6430.01,6433.84,6430.01,6433.02,6432.290000000001,33.784277,6425.44126556,6429.43418667,58.2855950951,0,0,0,0,0,-3.99292111161
1537447260,6433.02,6435.8,6432.04,6435.52,6434.453333333334,13.594854,6426.35158596,6429.63820691,67.3295003844,0,0,0,0,0,-3.28662095131
1537447380,6436.25,6436.25,6436.25,6436.25,6436.25,0.002736,6427.62493358,6429.94418887,71.6755725817,0,0,0,0,0,-2.31925528652
1537447440,6430.02,6430.02,6430.02,6430.02,6430.02,0.017262,6427.98236562,6429.80461401,52.3172236139,0,0,0,0,0,-1.82224839012
1537447500,6425.01,6425.01,6425.01,6425.01,6425.009999999999,0.001998,6427.77344595,6429.24120382,45.3326966853,0,0,0,0,0,-1.46775786084
1537447560,6429.5,6429.5,6428.1,6428.1,6428.566666666667,0.130191,6428.11944299,6428.94852335,52.6365042824,0,0,0,0,0,-0.829080355818
1537447620,6426.0,6427.95,6426.0,6427.95,6427.3,0.08658,6428.33628961,6428.67760087,51.9442013903,0,0,0,0,0,-0.341311257934
1537447680,6425.02,6425.5,6425.02,6425.02,6425.18,0.310839,6428.30010307,6428.31988454,48.7028614236,0,0,0,0,0,-0.0197814711801
1537447740,6420.92,6422.0,6419.31,6419.34,6420.216666666667,0.761018,6427.62608285,6427.66425462,40.8845135965,0,0,0,0,0,-0.038171770937
1537447800,6423.0,6425.19,6423.0,6423.01,6423.733333333333,0.188926,6427.30377624,6427.23452925,48.5702375816,0,0,0,0,0,0.0692469889891
1537447860,6424.99,6424.99,6424.51,6424.51,6424.670000000001,0.110401,6427.03197301,6426.9060396,50.4337526913,0,0,0,0,0,0.125933415375
1537447920,6422.2,6424.99,6420.01,6420.01,6421.670000000001,5.025432,6426.2049995,6426.42399656,42.5214971339,0,0,0,0,0,-0.218997066358
1537447980,6424.0,6424.2,6424.0,6424.0,6424.066666666667,0.515621,6425.65771845,6426.08562532,45.9936753994,0,0,0,0,0,-0.427906869521
1537448040,6420.0,6420.02,6419.3,6419.3,6419.54,0.827152,6424.47056875,6425.58095654,35.7498671751,0,0,0,0,0,-1.11038778905
1537448100,6419.41,6421.65,6419.39,6420.0,6420.346666666667,0.356352,6423.41316424,6425.16993431,35.7171968978,0,0,0,0,0,-1.75677006944
1537448160,6419.53,6423.17,6419.53,6423.13,6421.943333333334,0.942153,6422.93042235,6424.83727742,37.9459342932,0,0,0,0,0,-1.90685507164
1537448220,6425.92,6425.92,6420.54,6420.54,6422.333333333333,0.344129,6422.76088128,6424.64227842,37.3400572291,0,0,0,0,0,-1.88139714068
1537448280,6425.0,6425.92,6425.0,6425.92,6425.613333333334,1.11263,6422.87894182,6424.65870397,50.1595986827,0,0,0,0,0,-1.7797621486
1537448340,6425.0,6425.91,6425.0,6425.0,6425.303333333333,0.992378,6423.00185505,6424.7143475,53.8135063242,0,0,0,0,0,-1.71249245225
1537448400,6425.0,6425.91,6425.0,6425.91,6425.606666666667,3.286882,6423.2469657,6424.82100255,51.3232460422,0,0,0,0,0,-1.57403685419
1537448460,6426.01,6426.01,6425.03,6426.01,6425.683333333334,0.423259,6423.69897485,6424.96063597,53.0209115698,0,0,0,0,0,-1.26166111717
1537448520,6426.01,6426.01,6425.08,6426.01,6425.7,2.607676,6423.95930849,6425.11688349,55.9349179777,0,0,0,0,0,-1.15757500257
1537448580,6426.0,6426.01,6425.0,6425.0,6425.336666666667,6.481651,6424.10830366,6425.2491139,62.6308481043,0,0,0,0,0,-1.14081023934
1537448640,6425.0,6425.98,6425.0,6425.0,6425.326666666667,2.657245,6424.37490946,6425.29409732,57.6314932956,0,0,0,0,0,-0.919187852954
1537448700,6416.72,6416.72,6407.0,6413.93,6412.55,28.899885,6422.84111144,6424.5136578,21.6927840334,0,0,0,0,0,-1.67254635778
1537448760,6411.21,6412.24,6395.66,6397.01,6401.636666666666,92.468966,6420.21150882,6423.01115086,14.3473084906,0,0,0,0,0,-2.79964203687
1537448820,6400.0,6400.0,6398.55,6400.0,6399.516666666666,6.7892,6417.49754696,6421.38739937,10.8081359419,0,0,0,0,0,-3.88985241756
1537448880,6405.02,6406.18,6405.0,6405.02,6405.400000000001,6.457522,6415.71910684,6420.13774572,28.5045146661,0,0,0,0,0,-4.41863888507
1537448940,6409.17,6411.47,6408.2,6409.57,6409.746666666666,1.838901,6414.64685172,6419.16218798,37.489411959,0,0,0,0,0,-4.5153362607
1537449000,6404.99,6410.39,6402.04,6405.09,6405.84,1.19643,6413.01239411,6418.12150211,32.0808207218,0,0,0,0,0,-5.10910800173
1537449060,6405.0,6410.0,6405.0,6405.01,6406.670000000001,29.068681,6411.64220547,6417.27935142,33.5796201298,0,0,0,0,0,-5.63714594455
1537449120,6410.97,6410.97,6405.09,6409.95,6408.670000000001,3.302821,6410.6394618,6416.51527479,35.5251283701,0,0,0,0,0,-5.87581299828
1537449180,6409.0,6409.0,6404.94,6404.94,6406.293333333332,8.999874,6409.40948748,6415.66417397,32.851426007,0,0,0,0,0,-6.25468649086
1537449240,6403.18,6404.93,6403.1,6404.68,6404.236666666667,1.72,6408.01653961,6414.76715984,30.3592413072,0,0,0,0,0,-6.75062022562
1537449300,6404.65,6404.65,6399.18,6404.17,6402.666666666667,3.009759,6406.55516629,6413.91649605,28.6660814245,0,0,0,0,0,-7.36132975457
1537449360,6403.0,6403.0,6397.0,6401.01,6400.336666666667,9.617554,6404.91633297,6412.88249922,26.3793515402,0,0,0,0,0,-7.96616624642
1537449420,6400.79,6403.79,6400.13,6403.79,6402.57,13.298653,6404.27376154,6412.0044112,32.0985598973,0,0,0,0,0,-7.73064966112
1537449480,6404.49,6406.61,6404.48,6404.58,6405.223333333332,1.22429,6404.5139327,6411.3859754,38.1483150958,0,0,0,0,0,-6.87204270623
1537449540,6413.8,6413.8,6407.66,6410.0,6410.486666666667,4.147702,6405.51515181,6411.05961609,55.3945728671,0,0,0,0,0,-5.54446428849
1537449600,6408.01,6410.96,6405.0,6405.0,6406.986666666667,10.868335,6405.71276826,6410.63082388,55.8549470925,0,0,0,0,0,-4.91805562129
1537449660,6409.0,6410.0,6407.39,6407.41,6408.266666666666,2.878058,6405.86964593,6410.2791806,59.7605927928,0,0,0,0,0,-4.40953467338
1537449720,6407.4,6409.24,6405.0,6405.0,6406.413333333333,5.141169,6405.94209318,6409.79470203,51.3690616141,0,0,0,0,0,-3.85260884658
1537449780,6404.97,6406.26,6403.01,6403.11,6404.126666666667,6.881875,6405.6725402,6409.1821824,42.7277547732,0,0,0,0,0,-3.5096421975
1537449840,6405.49,6409.0,6403.38,6403.38,6405.253333333334,2.258442,6405.48592983,6408.59169902,48.7673804661,0,0,0,0,0,-3.10576918862
1537449900,6405.49,6407.24,6403.06,6406.99,6405.763333333333,1.810817,6405.48673954,6408.06194349,49.3854739525,0,0,0,0,0,-2.57520395588
1537449960,6407.01,6408.84,6407.0,6408.0,6407.946666666667,2.515219,6405.86358068,6407.67886883,53.3984181971,0,0,0,0,0,-1.81528815361
1537450020,6407.01,6408.63,6407.0,6408.01,6407.88,2.860299,6406.26796121,6407.30512825,55.7598656159,0,0,0,0,0,-1.03716704414
1537450080,6407.0,6412.59,6405.42,6408.5,6408.836666666667,5.147907,6406.86480237,6407.00370325,60.9071627782,0,0,0,0,0,-0.138900876623
1537450140,6408.76,6410.74,6407.05,6410.33,6409.373333333334,2.756393,6407.38183644,6406.75443243,64.5644588008,0,0,0,0,0,0.627404006967
1537450200,6408.35,6408.55,6404.51,6408.01,6407.0233333333335,20.077837,6407.42980283,6406.37263129,57.9166610563,0,0,0,0,0,1.05717154753
1537450260,6408.01,6408.6,6407.36,6407.36,6407.7733333333335,6.620274,6407.34038922,6406.32516237,57.8842610122,0,0,0,0,0,1.01522685488
1537450320,6408.01,6408.42,6405.24,6406.04,6406.566666666667,2.000429,6407.25469194,6406.44030993,49.7414867535,0,0,0,0,0,0.814382014784
1537450380,6406.04,6408.7,6406.0,6406.0,6406.900000000001,9.625324,6407.16379683,6406.61660161,42.9566473758,0,0,0,0,0,0.547195222277
1537450440,6404.99,6407.8,6404.41,6406.04,6406.083333333333,13.193259,6407.05539998,6406.61033959,44.631008895,0,0,0,0,0,0.445060388887
1537450500,6408.68,6411.96,6407.84,6410.58,6410.126666666666,15.234597,6407.58602439,6406.75636232,60.5719001115,0,0,0,0,0,0.829662069708
1537450560,6413.89,6414.0,6413.88,6413.99,6413.956666666668,3.130629,6408.52218878,6407.21267678,73.3585394129,0,0,0,0,0,1.30951199535
1537450620,6414.49,6414.83,6412.56,6412.56,6413.316666666667,1.400669,6409.27083668,6407.59449365,74.1098414697,0,0,0,0,0,1.67634303268
1537450680,6414.09,6417.0,6413.7,6415.31,6415.336666666667,19.185826,6410.12278476,6408.04097331,77.0935532271,0,0,0,0,0,2.08181145001
1537450740,6417.0,6418.44,6415.5,6417.08,6417.006666666665,4.224135,6411.12215717,6408.62217106,79.434252407,0,0,0,0,0,2.49998611707
1537450800,6415.71,6418.36,6415.5,6415.54,6416.466666666667,3.145767,6411.92197236,6409.19191683,75.0770486402,0,0,0,0,0,2.73005552937
1537450860,6417.08,6418.0,6415.51,6417.42,6416.9766666666665,5.490433,6412.69543067,6409.80390621,76.1985938506,0,0,0,0,0,2.89152445424
1537450920,6417.37,6418.44,6415.51,6418.43,6417.46,5.020189,6413.56821816,6410.47115671,76.5093599414,0,0,0,0,0,3.09706144639
1537450980,6415.67,6420.01,6415.67,6420.0,6418.56,37.125606,6414.4761347,6411.13108175,78.2923935822,0,0,0,0,0,3.34505295013
1537451040,6420.03,6421.99,6420.01,6421.98,6421.326666666667,10.288049,6415.72022551,6411.8760427,87.6220074382,0,0,0,0,0,3.84418281213
1537451100,6421.99,6422.75,6418.79,6420.0,6420.513333333333,12.928998,6416.73512523,6412.4296444,81.7794152528,0,0,0,0,0,4.3054808236
1537451160,6420.0,6421.03,6415.0,6416.91,6417.6466666666665,12.976348,6417.32261065,6412.86271141,67.6881555447,0,0,0,0,0,4.45989923326
1537451220,6417.33,6418.26,6415.06,6416.93,6416.75,5.567819,6417.56398371,6413.19698043,63.0840243233,0,0,0,0,0,4.36700327547
1537451280,6420.0,6420.0,6418.0,6418.02,6418.673333333333,6.245647,6417.86770925,6413.67451307,69.1535558651,0,0,0,0,0,4.19319618023
1537451340,6424.43,6424.44,6422.46,6423.99,6423.63,6.571598,6418.82177683,6414.48294105,75.6145778572,0,0,0,0,0,4.33883578089
1537451400,6422.46,6424.9,6419.0,6419.01,6420.97,11.982276,6419.25607237,6415.07420014,62.0542294346,0,0,0,0,0,4.18187222876
1537451460,6419.0,6421.16,6415.77,6419.0,6418.643333333333,5.20242,6419.27476643,6415.49023976,54.7909763904,0,0,0,0,0,3.78452666552
1537451520,6419.99,6420.0,6417.84,6419.38,6419.073333333334,3.540267,6419.37183961,6415.86924284,54.0805137804,0,0,0,0,0,3.50259676084
1537451580,6422.51,6422.57,6417.56,6419.0,6419.71,21.173284,6419.52137078,6416.27342551,54.2843117966,0,0,0,0,0,3.24794527057
1537451640,6417.55,6421.37,6413.58,6416.2,6417.05,24.171252,6419.28858863,6416.47993404,46.1972279709,0,0,0,0,0,2.80865459672
1537451700,6417.73,6421.7,6416.51,6420.95,6419.72,1.758178,6419.37706646,6416.82876696,53.7061886141,0,0,0,0,0,2.54829949437
1537451760,6418.3,6422.31,6418.3,6422.26,6420.956666666668,4.25563,6419.49806902,6417.28929508,56.5205422571,0,0,0,0,0,2.20877393328
1537451820,6420.13,6423.97,6420.13,6420.27,6421.456666666668,4.514341,6419.70973452,6417.74601199,56.8516372587,0,0,0,0,0,1.96372253027
1537451880,6420.99,6424.9,6420.05,6423.86,6422.936666666667,4.379723,6420.22267768,6418.300443,58.3221742238,0,0,0,0,0,1.9222346732
1537451940,6423.86,6424.83,6421.0,6423.39,6423.073333333334,6.53024,6420.74834345,6418.83427755,59.8330508749,0,0,0,0,0,1.91406589703
1537452000,6421.0,6422.99,6410.1,6419.05,6417.38,29.156413,6420.39878759,6419.01940656,44.2498130753,0,0,0,0,0,1.37938103238
1537452060,6420.04,6425.0,6420.03,6424.97,6423.333333333333,7.470475,6420.64075735,6419.47165229,59.6580147713,0,0,0,0,0,1.16910506583
1537452120,6420.32,6424.96,6420.32,6420.79,6422.0233333333335,8.179333,6420.8072021,6419.74461984,54.7738617065,0,0,0,0,0,1.06258226281
1537452180,6421.86,6424.95,6420.0,6423.82,6422.923333333333,11.703268,6421.17922231,6420.07518467,52.9009283687,0,0,0,0,0,1.10403763455
1537452240,6420.35,6424.16,6420.34,6421.04,6421.846666666667,6.892056,6421.35912624,6420.28419193,52.3940282016,0,0,0,0,0,1.07493431184
1537452300,6423.76,6424.09,6420.74,6420.74,6421.856666666667,18.41033,6421.49672015,6420.44981273,55.0693919168,0,0,0,0,0,1.04690741732
1537452360,6423.81,6424.0,6419.73,6420.0,6421.243333333333,15.832946,6421.65902145,6420.58331835,52.3796059606,0,0,0,0,0,1.07570310195
1537452420,6420.0,6422.9,6419.76,6420.01,6420.889999999999,8.016148,6421.64362208,6420.67922858,50.3242744021,0,0,0,0,0,0.964393499181
1537452480,6419.73,6420.82,6417.0,6418.5,6418.7733333333335,6.411139,6421.29822634,6420.63264958,46.0344841569,0,0,0,0,0,0.665576754021
1537452540,6418.46,6418.46,6417.0,6417.0,6417.486666666667,5.767335,6420.79250085,6420.48628617,38.0272694417,0,0,0,0,0,0.306214676213
1537452600,6417.0,6418.01,6417.0,6417.0,6417.336666666667,1.545704,6420.24604004,6420.27725935,35.4313618609,0,0,0,0,0,-0.0312193144009
1537452660,6417.0,6417.96,6415.0,6415.01,6415.990000000001,9.521609,6419.56484112,6420.01219266,30.7431535457,0,0,0,0,0,-0.447351536643
1537452720,6415.02,6415.05,6414.0,6414.0,6414.349999999999,4.461912,6418.97848973,6419.71950852,24.0407252171,0,0,0,0,0,-0.741018795879
1537452780,6414.0,6415.0,6410.24,6413.44,6412.893333333333,4.399196,6417.99079765,6419.36917999,21.1197061529,0,0,0,0,0,-1.37838233604
1537452840,6413.44,6416.66,6411.2,6414.0,6413.953333333334,5.630648,6417.28522329,6419.05564506,32.1023157271,0,0,0,0,0,-1.77042176875
1537452900,6414.01,6419.0,6413.0,6419.0,6417.0,10.230002,6417.00007399,6418.83292333,38.1056545615,0,0,0,0,0,-1.83284933508
1537452960,6419.94,6420.01,6419.0,6420.0,6419.670000000001,3.874268,6417.13641199,6418.83787915,52.2429247296,0,0,0,0,0,-1.70146716788
1537453020,6420.0,6421.34,6419.0,6420.46,6420.266666666666,4.725244,6417.33853949,6418.92870001,53.3758929316,0,0,0,0,0,-1.59016052222
1537453080,6421.85,6421.85,6419.02,6419.02,6419.963333333333,6.841566,6417.51036904,6418.98834634,53.6765689256,0,0,0,0,0,-1.47797730308
1537453140,6421.54,6421.54,6415.42,6418.47,6418.4766666666665,10.288586,6417.48826013,6418.94184572,46.9624387912,0,0,0,0,0,-1.45358559886
1537453200,6418.5,6421.5,6415.87,6415.87,6417.746666666666,6.374863,6417.46558773,6418.90991563,44.8434054554,0,0,0,0,0,-1.44432789481
1537453260,6418.57,6420.74,6415.29,6419.0,6418.343333333333,4.689539,6417.57951848,6418.85818979,48.273079735,0,0,0,0,0,-1.27867130974
1537453320,6418.02,6419.97,6415.29,6417.04,6417.433333333333,3.224826,6417.57106414,6418.72679523,47.4068742661,0,0,0,0,0,-1.1557310907
1537453380,6417.04,6420.0,6417.0,6417.0,6418.0,3.17213,6417.69668909,6418.62420108,52.5263642183,0,0,0,0,0,-0.927511994493
1537453440,6418.99,6419.95,6415.29,6418.87,6418.036666666667,12.170458,6417.8882825,6418.49612856,53.0107680923,0,0,0,0,0,-0.607846062813
1537453500,6417.03,6418.0,6415.29,6415.31,6416.200000000001,3.114546,6417.88691844,6418.25876131,45.5842651584,0,0,0,0,0,-0.371842871888
1537453560,6415.3,6417.02,6415.0,6417.0,6416.34,2.919212,6417.85739967,6418.16123247,49.3918838037,0,0,0,0,0,-0.303832795385
1537453620,6416.99,6418.59,6415.15,6417.0,6416.913333333333,1.676983,6417.7715515,6417.9746844,55.9812714981,0,0,0,0,0,-0.203132901455
1537453680,6417.0,6417.0,6415.0,6415.0,6415.666666666667,13.049404,6417.41266964,6417.74792609,45.7891287733,0,0,0,0,0,-0.33525644154
1537453740,6415.8,6416.9,6415.0,6416.19,6416.03,3.399089,6417.10629147,6417.53280176,40.6463981709,0,0,0,0,0,-0.426510297752
1537453800,6416.19,6418.59,6416.19,6417.01,6417.263333333333,3.92872,6417.0012582,6417.42398876,43.4289067315,0,0,0,0,0,-0.422730560066
1537453860,6417.0,6417.95,6414.01,6414.97,6415.643333333333,24.354603,6416.75871467,6417.22098107,32.9520186371,0,0,0,0,0,-0.462266398818
1537453920,6414.97,6416.11,6413.39,6415.98,6415.16,1.970296,6416.50608905,6417.00976829,31.3074829486,0,0,0,0,0,-0.503679236701
1537454040,6413.98,6413.98,6413.98,6413.98,6413.98,0.120999,6416.09478084,6416.74284864,28.5773182195,0,0,0,0,0,-0.64806779813
1537454100,6413.44,6413.44,6413.44,6413.44,6413.44,0.094432,6415.68855297,6416.49901832,27.4588366528,0,0,0,0,0,-0.810465347708
1537454100,6413.44,6414.99,6410.62,6414.99,6413.533333333333,15.300329,6415.30493096,6416.29798965,26.2832456631,0,0,0,0,0,-0.993058684062
1537454220,6415.01,6415.01,6415.01,6415.01,6415.009999999999,0.003909,6415.14626276,6416.19761311,41.9945414229,0,0,0,0,0,-1.05135034572
1537454280,6415.49,6415.49,6415.0,6415.0,6415.163333333333,0.222509,6415.10217889,6416.13933823,41.6586801536,0,0,0,0,0,-1.03715934381
1537454340,6417.56,6417.56,6417.56,6417.56,6417.56,0.373167,6415.3693876,6416.2638518,57.5871687379,0,0,0,0,0,-0.894464197379
1537454400,6415.68,6415.68,6415.68,6415.68,6415.68,4.9e-05,6415.3421677,6416.30069281,49.8535395094,0,0,0,0,0,-0.958525109937
1537454460,6416.06,6416.93,6416.01,6416.01,6416.316666666667,2.584732,6415.4554221,6416.35197888,53.0507522965,0,0,0,0,0,-0.896556781225
1537454520,6415.47,6415.5,6414.99,6414.99,6415.16,0.344964,6415.39150877,6416.26579902,45.6382471677,0,0,0,0,0,-0.874290249772
1537454580,6416.18,6416.18,6416.06,6416.18,6416.14,0.027524,6415.40717534,6416.18519832,53.3956096371,0,0,0,0,0,-0.778022978092
1537454640,6419.7,6419.7,6419.69,6419.7,6419.696666666667,0.129421,6415.95809572,6416.31066661,66.6118057801,0,0,0,0,0,-0.352570892187
1537454700,6422.44,6423.0,6422.44,6423.0,6422.813333333333,0.63676,6416.89021773,6416.62673158,73.0863050089,0,0,0,0,0,0.263486141772
1537454760,6422.42,6423.39,6422.42,6423.39,6423.066666666667,0.02026,6417.8263565,6416.97763495,76.8350223138,0,0,0,0,0,0.848721548062
1537454820,6423.0,6423.0,6421.47,6423.0,6422.490000000001,0.138569,6418.62942185,6417.29545458,74.2096594553,0,0,0,0,0,1.33396727322
1537454880,6423.0,6423.3,6423.0,6423.0,6423.099999999999,0.889808,6419.43842036,6417.62501658,78.2155034258,0,0,0,0,0,1.81340377906
1537454940,6422.41,6422.41,6419.73,6422.41,6421.516666666666,0.070784,6419.90502283,6417.8651395,69.0415978504,0,0,0,0,0,2.03988333611
1537455000,6423.43,6424.9,6423.43,6424.9,6424.41,0.435012,6420.7029448,6418.25917003,75.4106854675,0,0,0,0,0,2.44377476445
1537455060,6424.92,6424.93,6424.91,6424.93,6424.923333333333,3.210271,6421.39335319,6418.66809619,75.4303699832,0,0,0,0,0,2.72525700268
1537455120,6423.44,6424.92,6423.44,6424.92,6424.426666666666,1.234511,6422.04141084,6419.07023738,72.3004989749,0,0,0,0,0,2.97117345381
1537455180,6421.99,6423.0,6420.21,6420.21,6421.139999999999,0.291016,6422.17509134,6419.25428533,53.6230123893,0,0,0,0,0,2.9208060041
1537455240,6421.99,6423.0,6421.99,6423.0,6422.663333333333,0.68852,6422.54733265,6419.51121134,61.2392666647,0,0,0,0,0,3.03612131441
1537455300,6423.53,6424.87,6422.14,6422.14,6423.05,2.089103,6422.8947472,6419.8082362,61.7481012363,0,0,0,0,0,3.08651100202
1537455360,6424.88,6424.94,6423.53,6423.53,6424.0,1.915524,6423.17994843,6420.1434402,66.5890786681,0,0,0,0,0,3.03650822976
1537455420,6423.01,6423.53,6422.2,6423.53,6423.086666666666,0.664791,6423.18385684,6420.38367303,60.6819916694,0,0,0,0,0,2.80018380871
1537455480,6421.33,6421.58,6421.0,6421.0,6421.193333333334,2.242613,6422.9285383,6420.53438844,47.0969061693,0,0,0,0,0,2.3941498617
1537455540,6414.68,6414.68,6413.54,6414.68,6414.3,1.105661,6421.81872823,6420.27149986,24.5758598063,0,0,0,0,0,1.54722836943
1537455600,6416.0,6416.0,6415.01,6415.07,6415.360000000001,0.39718,6420.91725312,6420.10849847,28.9916866698,0,0,0,0,0,0.808754644951
1537455660,6416.0,6416.0,6414.72,6416.0,6415.573333333334,0.465777,6420.1916276,6419.97640161,30.3436842638,0,0,0,0,0,0.21522598817
1537455720,6415.99,6415.99,6415.0,6415.01,6415.333333333333,0.442403,6419.37047509,6419.83292858,28.8230562952,0,0,0,0,0,-0.462453491371
1537455780,6419.55,6419.99,6416.07,6416.13,6417.3966666666665,1.579977,6418.86811348,6419.78856127,39.8171611305,0,0,0,0,0,-0.920447784905
1537455840,6418.0,6418.99,6417.8,6418.99,6418.593333333333,0.909654,6418.58782769,6419.81522019,40.7317407365,0,0,0,0,0,-1.22739250201
1537455900,6418.01,6418.01,6417.8,6417.8,6417.87,2.301006,6418.3817142,6419.74559208,37.7617651949,0,0,0,0,0,-1.36387788308
1537455960,6418.0,6419.0,6417.8,6418.0,6418.266666666666,1.917931,6418.17845858,6419.74304962,40.219513181,0,0,0,0,0,-1.56459103728
1537456020,6417.81,6419.0,6417.8,6419.0,6418.599999999999,0.711804,6418.01948786,6419.74717487,46.1667914644,0,0,0,0,0,-1.72768700773
1537456080,6417.56,6417.56,6416.94,6416.94,6417.1466666666665,0.128226,6417.64239802,6419.68779309,37.5649566689,0,0,0,0,0,-2.04539506483
1537456140,6417.8,6419.0,6417.8,6419.0,6418.599999999999,0.853346,6417.52839887,6419.69787195,44.708304362,0,0,0,0,0,-2.1694730762
1537456200,6417.83,6420.0,6417.82,6419.0,6418.94,2.381337,6417.55201941,6419.65193568,44.7929003922,0,0,0,0,0,-2.09991627278
1537456260,6420.0,6421.33,6417.82,6421.29,6420.1466666666665,0.958774,6418.03448607,6419.61417247,52.241194507,0,0,0,0,0,-1.579686403
1537456320,6420.0,6421.42,6419.05,6419.06,6419.843333333334,0.973712,6418.38874116,6419.55406357,54.0862503535,0,0,0,0,0,-1.16532241163
1537456380,6421.43,6421.43,6420.01,6420.01,6420.483333333334,1.695937,6418.78658166,6419.54748644,75.6622010129,0,0,0,0,0,-0.760904781097
1537456440,6421.41,6421.42,6419.46,6419.52,6420.133333333334,0.424882,6419.11460024,6419.50686522,70.3984775377,0,0,0,0,0,-0.392264986561
1537456500,6421.41,6421.42,6421.0,6421.0,6421.139999999999,0.278071,6419.45514645,6419.56282724,74.2715658314,0,0,0,0,0,-0.107680792245
1537456560,6421.0,6421.0,6420.0,6421.0,6420.666666666667,1.791719,6419.65156127,6419.5258684,70.1176973727,0,0,0,0,0,0.125692869299
1537456620,6421.56,6422.0,6420.42,6420.42,6420.946666666667,3.913564,6419.8993417,6419.49633604,68.0326340136,0,0,0,0,0,0.403005661121
1537456680,6421.9,6425.85,6421.89,6421.9,6423.213333333333,1.811576,6420.40475884,6419.61607293,75.9876256069,0,0,0,0,0,0.788685914876
1537456740,6422.4,6423.19,6422.0,6422.4,6422.529999999999,1.014231,6420.76218624,6419.76012528,71.4730876334,0,0,0,0,0,1.00206096399
1537456800,6423.9,6423.9,6423.0,6423.9,6423.599999999999,2.002975,6421.29245029,6419.93076703,74.9166019954,0,0,0,0,0,1.36168325762
1537456860,6423.9,6423.92,6422.42,6423.92,6423.420000000001,1.180147,6421.68919877,6420.07551302,72.6599579304,0,0,0,0,0,1.61368574703
1537456920,6424.41,6427.03,6424.19,6424.96,6425.393333333333,24.87011,6422.29474548,6420.31389483,83.652676952,0,0,0,0,0,1.98085064947
1537456980,6425.93,6427.03,6425.01,6426.43,6426.156666666667,7.322838,6422.89451675,6420.60880081,84.2118450381,0,0,0,0,0,2.28571593914
1537457040,6427.91,6428.0,6426.44,6427.91,6427.45,1.448642,6423.62474049,6421.01116414,86.4146376192,0,0,0,0,0,2.61357634725
1537457100,6425.19,6425.86,6422.02,6422.14,6423.34,1.818433,6423.72556321,6421.2962579,55.0826611662,0,0,0,0,0,2.4293053115
1537457160,6424.76,6426.0,6423.31,6423.31,6424.206666666668,0.690877,6423.94641652,6421.60001122,58.9882582135,0,0,0,0,0,2.34640530231
1537457220,6424.64,6426.07,6424.64,6424.64,6425.116666666666,0.334496,6424.22290714,6421.94246935,61.5062544565,0,0,0,0,0,2.28043779139
1537457280,6423.99,6423.99,6420.0,6421.77,6421.920000000001,2.362806,6424.07787717,6422.08277818,47.4995927727,0,0,0,0,0,1.99509899042
1537457340,6418.09,6422.93,6418.09,6422.81,6421.276666666668,0.491347,6423.84895932,6422.13434064,43.7097764312,0,0,0,0,0,1.71461868805
1537457400,6420.12,6420.12,6419.12,6419.12,6419.453333333334,1.448079,6423.30170956,6422.04765154,38.3390393954,0,0,0,0,0,1.25405801659
1537457460,6415.44,6415.44,6412.02,6414.41,6413.956666666666,17.553821,6422.11278611,6421.64651442,26.2555212128,0,0,0,0,0,0.46627169384
1537457520,6410.84,6415.44,6410.82,6412.05,6412.7699999999995,11.769382,6420.82486567,6421.18063637,21.0776544169,0,0,0,0,0,-0.355770703718
1537457580,6411.79,6411.8,6410.14,6411.0,6410.9800000000005,2.068077,6419.42254637,6420.61732361,19.1816525567,0,0,0,0,0,-1.1947772359
1537457640,6409.1,6411.13,6409.1,6409.1,6409.776666666668,2.213474,6417.89788656,6420.03427421,16.0670505745,0,0,0,0,0,-2.13638764475
1537457700,6411.99,6411.99,6409.1,6411.7,6410.93,0.874975,6416.62308512,6419.51287863,21.9184959307,0,0,0,0,0,-2.88979351665
1537457760,6407.96,6407.96,6403.57,6403.85,6405.126666666666,6.575563,6414.64281933,6418.65268862,13.1981889402,0,0,0,0,0,-4.00986928763
1537457820,6404.03,6407.49,6404.03,6407.09,6406.203333333334,1.719169,6413.15618177,6417.8656572,16.760916811,0,0,0,0,0,-4.70947542713
1537457880,6406.91,6409.87,6405.02,6405.02,6406.636666666666,18.844423,6411.81734089,6417.14226794,16.7282364027,0,0,0,0,0,-5.3249270507
1537457940,6401.01,6403.48,6400.0,6400.03,6401.169999999999,20.122336,6409.83950477,6416.10199139,13.5071363214,0,0,0,0,0,-6.26248662662
1537458000,6399.97,6399.98,6396.5,6396.66,6397.713333333333,4.882088,6407.72173088,6414.90037324,10.327845881,0,0,0,0,0,-7.17864236078
1537458060,6397.0,6399.81,6396.61,6397.0,6397.806666666666,6.871011,6405.82848123,6413.72995291,9.39466009035,0,0,0,0,0,-7.90147167201
1537458120,6396.64,6402.59,6396.01,6400.01,6399.536666666667,12.750882,6404.40627825,6412.72048969,17.7777983664,0,0,0,0,0,-8.31421144343
1537458180,6404.98,6409.0,6404.98,6408.0,6407.326666666667,10.865101,6404.36863236,6412.21704053,42.5489995241,0,0,0,0,0,-7.84840817193
1537458240,6410.12,6411.1,6410.0,6410.0,6410.366666666666,3.040883,6404.78421731,6411.86910895,50.1348084911,0,0,0,0,0,-7.08489163222
1537458300,6412.01,6415.0,6412.0,6414.11,6413.703333333334,9.537295,6405.67898783,6411.75182407,60.1412238948,0,0,0,0,0,-6.07283624147
1537458360,6407.48,6409.57,6403.11,6409.57,6407.416666666667,6.33033,6405.72625568,6411.23493892,48.3351403195,0,0,0,0,0,-5.50868323135
1537458420,6407.08,6409.65,6407.08,6408.05,6408.259999999999,2.130906,6405.82907483,6410.79332457,50.9456267638,0,0,0,0,0,-4.96424973774
1537458480,6410.0,6411.71,6410.0,6410.0,6410.57,2.310406,6406.48032275,6410.46681925,55.7713398983,0,0,0,0,0,-3.98649649712
1537458540,6409.14,6409.14,6407.25,6407.43,6407.94,0.599838,6406.68350386,6409.97725411,49.9095622127,0,0,0,0,0,-3.29375024638
1537458600,6405.99,6406.0,6404.32,6404.75,6405.0233333333335,2.396156,6406.46832122,6409.30227663,48.1629391127,0,0,0,0,0,-2.83395541389
1537458660,6404.79,6410.0,6404.78,6410.0,6408.259999999999,40.28016,6406.93566194,6408.93815791,53.5265457018,0,0,0,0,0,-2.00249596813
1537458720,6411.02,6412.75,6408.8,6411.03,6410.86,4.416409,6407.85455358,6408.72741917,57.5773629565,0,0,0,0,0,-0.872865594834
1537458780,6411.0,6414.47,6411.0,6411.81,6412.426666666667,3.389411,6408.89449764,6408.60044962,64.320519248,0,0,0,0,0,0.294048021052
1537458840,6413.43,6415.43,6413.38,6415.0,6414.6033333333335,2.152505,6410.05285557,6408.67898813,70.4937924706,0,0,0,0,0,1.37386744378
1537458900,6413.39,6415.06,6411.0,6413.28,6413.113333333334,3.549309,6410.57316523,6408.67787446,66.1625467126,0,0,0,0,0,1.89529077113
1537458960,6411.11,6415.0,6411.11,6414.0,6413.37,2.259836,6410.94822146,6408.73145478,65.6583237023,0,0,0,0,0,2.21676667317
1537459020,6414.0,6416.63,6412.99,6416.0,6415.206666666666,1.81568,6411.3843572,6409.01214611,64.2452200776,0,0,0,0,0,2.3722110892
1537459080,6416.63,6418.02,6415.49,6418.0,6417.170000000001,4.549221,6412.31583892,6409.42633725,65.9630068924,0,0,0,0,0,2.88950167217
1537459140,6416.63,6418.02,6415.88,6417.87,6417.256666666667,4.560743,6413.14064709,6409.86791365,63.8397966637,0,0,0,0,0,3.27273344382
1537459200,6417.77,6417.97,6416.0,6416.03,6416.666666666667,1.811949,6413.71503824,6410.28218859,70.8975683742,0,0,0,0,0,3.43284964731
1537459260,6412.01,6415.52,6412.0,6413.32,6413.613333333334,2.489347,6413.95557486,6410.47032379,56.632199617,0,0,0,0,0,3.48525106762
1537459320,6415.17,6415.18,6413.85,6415.18,6414.736666666667,8.645279,6414.45040646,6410.84360664,57.6094757437,0,0,0,0,0,3.60679982372
1537459380,6415.18,6415.18,6413.86,6415.18,6414.740000000001,3.484035,6414.76040415,6411.1793759,61.6112839559,0,0,0,0,0,3.58102824997
1537459440,6414.03,6415.63,6414.03,6415.19,6414.95,4.612588,6414.95665825,6411.50542636,67.8013162762,0,0,0,0,0,3.45123188358
1537459500,6413.85,6415.63,6413.85,6415.19,6414.889999999999,6.773127,6415.05914296,6411.9322353,63.5558602383,0,0,0,0,0,3.12690765888
1537459560,6415.0,6415.19,6414.44,6415.0,6414.876666666666,4.122379,6415.05530043,6412.4155963,59.2859930558,0,0,0,0,0,2.63970412922
1537459620,6415.19,6415.4,6414.45,6414.47,6414.7733333333335,2.458892,6415.10376397,6412.87173699,55.1613451346,0,0,0,0,0,2.23202697251
1537459680,6414.47,6415.18,6414.45,6414.51,6414.713333333333,4.22067,6415.12888283,6413.26926961,48.6002780339,0,0,0,0,0,1.85961322484
1537459740,6414.51,6415.16,6414.44,6414.44,6414.679999999999,7.725154,6415.06672529,6413.48220904,53.5197788064,0,0,0,0,0,1.58451625272
1537459800,6414.99,6418.02,6414.03,6414.03,6415.36,34.826358,6415.01265104,6413.66287391,59.1058495333,0,0,0,0,0,1.34977713011
1537459860,6414.14,6417.97,6413.11,6415.68,6415.586666666667,17.261683,6414.98912675,6413.77867748,55.1899392763,0,0,0,0,0,1.21044926875
1537459920,6415.68,6416.19,6413.14,6414.99,6414.7733333333335,19.809142,6414.88715188,6413.97537385,36.4880685765,0,0,0,0,0,0.911778025782
1537459980,6415.29,6418.45,6414.0,6416.69,6416.38,20.954253,6415.13848977,6414.24371854,55.4469165901,0,0,0,0,0,0.894771235254
1537460040,6417.0,6417.68,6416.7,6417.67,6417.350000000001,11.476835,6415.44553903,6414.51085167,65.0490469047,0,0,0,0,0,0.934687359641
1537460100,6417.58,6418.45,6417.56,6417.58,6417.863333333334,26.387128,6415.79293158,6414.85501803,83.2022451808,0,0,0,0,0,0.937913550728
1537460160,6418.01,6418.44,6417.56,6417.57,6417.856666666667,26.491736,6416.10003292,6415.24780593,81.4523698603,0,0,0,0,0,0.852226989657
1537460220,6419.1,6419.18,6417.56,6418.07,6418.27,32.664425,6416.4371714,6415.58087929,83.3138959888,0,0,0,0,0,0.85629210727
1537460280,6417.58,6419.0,6417.56,6417.59,6418.05,18.979773,6416.71681078,6415.83181764,78.3731804184,0,0,0,0,0,0.884993147207
1537460340,6417.57,6417.59,6417.56,6417.58,6417.576666666668,21.704061,6416.91475381,6416.01062804,69.7406044442,0,0,0,0,0,0.904125771508
1537460400,6417.58,6417.59,6417.57,6417.58,6417.579999999999,10.610745,6417.09856925,6416.13597095,69.8503283033,0,0,0,0,0,0.962598298678
1537460460,6417.58,6419.0,6417.58,6418.8,6418.46,3.3416,6417.38302873,6416.34170701,76.4856686283,0,0,0,0,0,1.04132171537
1537460520,6417.59,6419.0,6417.59,6417.8,6418.13,3.535129,6417.56969698,6416.51386095,71.0491397941,0,0,0,0,0,1.05583602542
1537460580,6419.88,6420.0,6417.91,6419.69,6419.2,4.567962,6417.87019534,6416.7047859,77.2918990669,0,0,0,0,0,1.16540943974
1537460640,6418.78,6420.0,6417.95,6419.0,6418.983333333334,2.39554,6418.15197926,6416.8329991,72.6090803856,0,0,0,0,0,1.3189801563
1537460700,6419.87,6419.87,6418.03,6418.99,6418.963333333333,18.026689,6418.33603728,6416.95311431,71.7784189615,0,0,0,0,0,1.38292297387
1537460760,6418.99,6420.0,6418.99,6420.0,6419.663333333333,14.508215,6418.55306229,6417.12361919,80.7893683863,0,0,0,0,0,1.4294431
1537460820,6419.0,6420.18,6418.03,6419.0,6419.07,11.195201,6418.65102355,6417.31690538,66.60134688,0,0,0,0,0,1.33411816664
1537460880,6419.0,6420.13,6417.95,6417.95,6418.676666666666,47.42329,6418.6892955,6417.45467907,56.99922958,0,0,0,0,0,1.23461642777
1537460940,6417.95,6419.92,6413.21,6416.0,6416.376666666667,20.210483,6418.40510713,6417.44749271,32.7465418144,0,0,0,0,0,0.957614420814
1537461000,6417.56,6417.56,6412.99,6416.47,6415.673333333333,3.719807,6418.06325016,6417.39343209,28.9161257288,0,0,0,0,0,0.669818074952
1537461060,6413.0,6416.33,6411.0,6412.95,6413.426666666666,20.339259,6417.47791868,6417.2065254,19.1227973409,0,0,0,0,0,0.271393280084
1537461120,6412.95,6412.97,6412.95,6412.95,6412.956666666666,3.157418,6416.88180378,6416.9987295,18.1133343777,0,0,0,0,0,-0.116925716434
1537461180,6412.95,6412.97,6412.95,6412.95,6412.956666666666,2.687743,6416.29880992,6416.80129642,18.5448262889,0,0,0,0,0,-0.502486490091
1537461240,6412.97,6413.56,6412.95,6412.95,6413.153333333333,1.497644,6415.80671795,6416.62481803,21.0092119837,0,0,0,0,0,-0.818100083091
1537461300,6413.51,6414.04,6411.01,6413.57,6412.873333333333,5.815907,6415.27371657,6416.43899304,16.0531034781,0,0,0,0,0,-1.16527646469
1537461420,6411.05,6412.8,6411.05,6411.05,6411.633333333334,0.136625,6414.6342963,6416.17067669,13.3313444027,0,0,0,0,0,-1.53638038754
1537461480,6415.01,6417.72,6414.04,6417.72,6416.493333333333,0.133326,6414.68727498,6416.20276328,49.9026985025,0,0,0,0,0,-1.5154882941
1537461540,6422.22,6422.22,6422.21,6422.21,6422.213333333333,0.010098,6415.45337081,6416.59792276,68.6144367261,0,0,0,0,0,-1.14455195004
1537461600,6422.2,6424.41,6422.2,6424.41,6423.673333333333,0.315093,6416.37002189,6417.03169134,71.541269121,0,0,0,0,0,-0.661669445549
1537461660,6422.6,6424.4,6422.58,6422.59,6423.19,0.396714,6417.16105933,6417.39834661,68.7632354902,0,0,0,0,0,-0.237287278395
1537461720,6420.69,6420.69,6419.51,6420.69,6420.296666666666,2.209155,6417.60584727,6417.56415158,57.5330684321,0,0,0,0,0,0.0416956837307
1537461780,6422.47,6422.47,6422.01,6422.01,6422.163333333333,0.350541,6418.28716131,6417.83680453,62.6522076095,0,0,0,0,0,0.450356785252
1537461840,6425.84,6426.71,6425.84,6426.7,6426.416666666667,0.252754,6419.5645926,6418.3478553,73.4806633304,0,0,0,0,0,1.21673730251
1537461900,6424.01,6424.01,6424.0,6424.0,6424.003333333334,0.11241,6420.43587872,6418.69722367,65.4762320942,0,0,0,0,0,1.73865505005
1537461960,6427.7,6427.7,6427.19,6427.7,6427.53,0.087564,6421.69293223,6419.25691853,73.5681409796,0,0,0,0,0,2.43601369572
1537462020,6428.45,6428.5,6428.0,6428.5,6428.333333333333,0.063329,6422.93722416,6419.84331515,75.1935749748,0,0,0,0,0,3.09390900685
1537462080,6429.2,6429.2,6428.51,6428.51,6428.740000000001,0.302731,6424.1389099,6420.41251823,75.718644137,0,0,0,0,0,3.72639166694
1537462140,6429.19,6429.19,6428.5,6428.5,6428.73,0.531628,6425.28936638,6420.96586985,75.5842140845,0,0,0,0,0,4.32349652947
1537462200,6428.0,6428.0,6422.0,6424.67,6424.889999999999,4.143121,6425.62374215,6421.24170637,61.5481688683,0,0,0,0,0,4.3820357825
1537462260,6420.0,6420.03,6420.0,6420.0,6420.009999999999,0.160696,6425.03906317,6421.2154178,49.6863406641,0,0,0,0,0,3.82364536816
1537462320,6419.59,6419.59,6418.0,6418.77,6418.786666666667,3.421495,6424.28093808,6421.11639813,42.820491703,0,0,0,0,0,3.16453995036
1537462380,6418.02,6419.55,6418.01,6418.01,6418.5233333333335,0.2446,6423.57548027,6420.9902859,35.9068668736,0,0,0,0,0,2.58519437349
1537462440,6418.07,6420.0,6418.07,6420.0,6419.356666666667,0.275268,6423.16755014,6420.93237568,37.1911569522,0,0,0,0,0,2.23517446321
1537462500,6418.82,6420.0,6418.82,6420.0,6419.606666666667,0.766025,6422.74573213,6420.90032909,38.5891598099,0,0,0,0,0,1.84540303778
1537462560,6420.02,6420.03,6420.02,6420.02,6420.0233333333335,0.004804,6422.22813489,6420.94411048,43.1704605127,0,0,0,0,0,1.28402441862
1537462620,6418.61,6422.08,6418.61,6419.93,6420.206666666666,0.48551,6421.88558604,6421.0123701,41.0975616301,0,0,0,0,0,0.873215937845
1537462680,6418.59,6418.59,6416.44,6416.44,6417.156666666666,0.278179,6421.01868036,6420.94114099,25.0008544448,0,0,0,0,0,0.0775393652275
1537462740,6421.03,6422.94,6420.94,6421.95,6421.943333333333,0.832982,6420.81815583,6421.17307307,48.5980926198,6419.4384765625,6418.72021484375,6419.45458984375,6418.72607421875,6421.0166015625,-0.354917245967
1537462800,6421.99,6422.9,6419.66,6422.9,6421.82,35.864045,6420.6010427,6421.38843126,43.6946094033,6419.9892578125,6419.17919921875,6420.8212890625,6418.31103515625,6421.40576171875,-0.787388566003
1537462860,6425.32,6425.33,6422.95,6424.87,6424.383333333332,1.544158,6420.73866075,6421.74658605,52.2424391445,6421.3720703125,6421.2041015625,6422.3408203125,6419.73095703125,6422.44189453125,-1.00792529531
1537462920,6424.39,6425.31,6423.0,6424.4,6424.236666666667,2.322212,6421.01391731,6422.08780459,51.2206740019,6421.69384765625,6422.27978515625,6423.1435546875,6421.32177734375,6424.12158203125,-1.0738872851
1537462980,6423.55,6426.3,6422.95,6426.1,6425.116666666666,1.200419,6421.59490983,6422.49559276,54.3403076681,6423.44482421875,6423.986328125,6425.62451171875,6423.23388671875,6426.73193359375,-0.900682935704
1537463040,6426.26,6426.37,6423.56,6423.57,6424.5,3.834286,6422.09849301,6422.74581526,57.4449470199,6423.6708984375,6423.96875,6426.2470703125,6423.22802734375,6425.6044921875,-0.647322247957
1537463100,6424.01,6424.01,6422.0,6422.0,6422.670000000001,1.351467,6422.33042573,6422.75263147,56.598077426,6424.24169921875,6424.298828125,6426.58984375,6423.38525390625,6425.505859375,-0.422205740501
1537463160,6417.9,6419.56,6417.9,6419.56,6419.006666666667,0.166199,6422.026209,6422.50571679,43.2612006906,6422.86328125,6423.18505859375,6424.783203125,6422.3701171875,6424.3701171875,-0.479507796077
1537463220,6421.0,6421.0,6420.89,6420.89,6420.926666666666,0.598976,6421.98868093,6422.3952852,50.9949174616,6420.62890625,6421.7314453125,6424.42724609375,6421.40625,6423.4853515625,-0.406604267744
1537463280,6418.35,6420.86,6417.89,6419.97,6419.573333333334,1.843196,6421.75900894,6422.26912972,45.3063567536,6417.77734375,6419.8427734375,6423.234375,6419.8828125,6421.52197265625,-0.510120781732
1537463340,6419.99,6420.27,6418.0,6420.0,6419.423333333333,2.752429,6421.52160853,6422.09881061,44.4618694251,6418.134765625,6419.52978515625,6422.576171875,6419.22216796875,6421.681640625,-0.577202085729
1537463400,6419.98,6420.26,6417.71,6420.26,6419.410000000001,1.76039,6421.43715785,6421.84318798,43.7800103368,6419.27001953125,6419.65966796875,6420.8818359375,6418.08349609375,6420.1396484375,-0.406030132073
1537463460,6420.01,6420.01,6418.0,6419.0,6419.003333333334,0.90491,6421.09643081,6421.62465715,41.981896509,6419.2216796875,6420.30712890625,6420.8076171875,6417.3828125,6419.228515625,-0.528226338663
1537463520,6417.93,6419.72,6417.68,6417.69,6418.363333333334,2.179147,6420.70698678,6421.30028483,43.5653694286,6418.19580078125,6419.56298828125,6420.61572265625,6416.55078125,6418.50732421875,-0.593298048387
1537463580,6417.0,6419.65,6416.56,6419.65,6418.62,2.623475,6420.27229842,6420.98697719,34.3574741092,6418.73291015625,6420.05224609375,6421.00732421875,6417.17236328125,6419.43994140625,-0.714678770009
1537463640,6423.36,6423.38,6422.75,6423.37,6423.166666666667,0.156439,6420.47678446,6420.95297569,58.7362575983,6418.75927734375,6420.10693359375,6418.69775390625,6417.49755859375,6418.81005859375,-0.476191225942
1537463700,6424.88,6424.95,6424.87,6424.9,6424.906666666667,1.215025,6420.85250738,6421.02604628,61.6542999095,6420.625,6421.62841796875,6419.4208984375,6418.31982421875,6419.65869140625,-0.173538894869
1537463760,6424.95,6425.0,6424.87,6424.87,6424.913333333333,4.411824,6421.22355856,6421.17896915,61.9493383605,6421.3955078125,6422.18505859375,6420.38134765625,6420.32470703125,6421.6845703125,0.0445894093891
1537463820,6423.35,6425.0,6423.01,6423.33,6423.78,2.043064,6421.49450219,6421.36176964,54.7287827729,6422.08251953125,6422.8994140625,6421.62841796875,6421.271484375,6422.8037109375,0.13273254716
1537463880,6425.46,6428.0,6425.46,6425.47,6426.31,2.73309,6422.23398782,6421.7170605,64.58565162,6423.2392578125,6424.2275390625,6423.486328125,6423.0029296875,6425.1748046875,0.516927312338
1537463940,6425.01,6426.05,6424.0,6425.01,6425.0199999999995,1.115098,6422.65601516,6421.98583126,61.1430113946,6424.01123046875,6424.69775390625,6424.17333984375,6424.7177734375,6426.68017578125,0.670183894885
1537464000,6425.01,6425.93,6424.0,6425.02,6424.983333333334,0.742543,6423.09605717,6422.22397658,68.2851827401,6424.14501953125,6424.44873046875,6423.9140625,6424.99853515625,6427.1455078125,0.872080593317
1537464060,6425.01,6425.02,6423.44,6423.44,6423.966666666666,4.242066,6423.3714174,6422.38576812,59.236002481,6425.2333984375,6424.7900390625,6424.48193359375,6424.8388671875,6427.25732421875,0.985649285019
1537464120,6423.12,6423.12,6420.17,6420.67,6421.32,15.524714,6423.27710588,6422.37177372,47.8908421358,6422.5478515625,6422.009765625,6422.45166015625,6423.13427734375,6424.27587890625,0.905332154408
1537464180,6420.17,6420.67,6417.88,6417.88,6418.81,7.943996,6422.88041949,6422.20217604,38.8504671862,6420.7998046875,6419.529296875,6420.2421875,6422.11328125,6422.416015625,0.678243456429
1537464240,6419.99,6419.99,6417.83,6417.83,6418.55,1.763761,6422.51231419,6422.08883925,38.0446927463,6419.46240234375,6417.9052734375,6418.49169921875,6420.24853515625,6420.52294921875,0.423474932379
1537464300,6419.76,6419.76,6416.36,6416.36,6417.493333333333,14.786295,6422.02664505,6421.81325799,35.2101616305,6418.65673828125,6417.603515625,6417.39013671875,6418.85693359375,6418.74609375,0.21338705774
1537464360,6406.27,6410.85,6406.13,6410.24,6409.073333333334,2.840618,6420.28153078,6421.04048458,20.4853725942,6416.29833984375,6416.4619140625,6414.74755859375,6416.44482421875,6416.30517578125,-0.758953804136
1537464420,6412.17,6412.17,6411.0,6411.0,6411.389999999999,0.575601,6418.91473008,6420.38356238,29.1787516148,6415.0625,6415.25146484375,6412.1044921875,6414.580078125,6414.4404296875,-1.46883229275
1537464480,6412.19,6414.43,6410.44,6414.43,6413.099999999999,1.564632,6417.89017218,6419.85924748,29.7783592465,6412.994140625,6414.13037109375,6410.85791015625,6412.1123046875,6413.3427734375,-1.96907529649
1537464540,6412.4,6415.0,6412.4,6414.99,6414.13,1.658208,6417.13924449,6419.3990935,31.4777821713,6413.52685546875,6414.46875,6412.66455078125,6412.39013671875,6414.7861328125,-2.2598490155
1537464600,6414.02,6415.9,6412.0,6415.13,6414.343333333333,1.043247,6416.37027993,6418.98313897,32.3314191931,6414.291015625,6414.60888671875,6413.43701171875,6412.40576171875,6415.43359375,-2.61285904076
1537464660,6410.47,6411.01,6409.59,6409.59,6410.063333333334,4.126709,6415.1647817,6418.36315557,25.9021309739,6414.63623046875,6413.44677734375,6412.06787109375,6412.3193359375,6414.85009765625,-3.19837386778
1537464720,6409.59,6409.59,6407.81,6407.81,6408.403333333335,4.760789,6413.84843303,6417.7453354,20.2573154853,6412.369140625,6412.56640625,6409.3310546875,6410.71923828125,6414.31787109375,-3.89690237849
1537464780,6405.26,6407.97,6404.98,6404.98,6405.9766666666665,7.488197,6412.37362113,6416.96341548,18.1945673155,6408.12353515625,6410.53662109375,6406.4814453125,6408.267578125,6411.24072265625,-4.58979434602
1537464840,6406.8,6406.8,6404.75,6404.84,6405.463333333333,3.215828,6411.07613295,6416.21003297,17.7038943446,6406.185546875,6409.08056640625,6405.14404296875,6406.0283203125,6409.83056640625,-5.13390001823
1537464900,6405.04,6406.63,6404.08,6404.08,6404.93,5.614186,6409.93193483,6415.4570617,17.5134354593,6405.0869140625,6407.69775390625,6404.83447265625,6405.25048828125,6408.998046875,-5.52512686549
1537464960,6402.27,6403.85,6397.0,6400.0,6400.283333333333,65.426111,6408.29055619,6414.45209767,14.2077929723,6403.20703125,6405.37939453125,6402.9384765625,6402.88427734375,6406.30078125,-6.16154147757
1537465020,6397.31,6400.0,6397.0,6399.95,6398.983333333334,35.234556,6406.66814725,6413.41641588,13.8718153459,6399.447265625,6402.7685546875,6398.74853515625,6398.7548828125,6402.5478515625,-6.74826863211
1537465080,6401.0,6407.86,6400.0,6406.4,6404.753333333334,14.681306,6406.31186315,6412.78499158,35.4329630166,6400.81201171875,6403.42724609375,6399.6572265625,6398.30126953125,6402.140625,-6.47312842801
1537465140,6407.27,6410.0,6407.27,6409.99,6409.086666666667,6.765382,6406.45174721,6412.43562444,46.9647666452,6404.3671875,6406.22802734375,6402.87353515625,6400.60693359375,6404.19580078125,-5.98387722344
1537465200,6408.01,6410.0,6407.51,6409.99,6409.166666666667,4.021177,6406.51477979,6412.00734686,53.6765467011,6407.3876953125,6407.7685546875,6406.14306640625,6402.66162109375,6405.56787109375,-5.49256707684
1537465260,6410.0,6410.0,6409.99,6410.0,6409.996666666666,10.385703,6406.63567016,6411.60890057,53.7750429601,6409.845703125,6409.91796875,6407.857421875,6406.2158203125,6407.91845703125,-4.97323040351
1537465320,6411.4,6414.22,6410.05,6411.41,6411.893333333333,2.299087,6406.98486614,6411.34096042,56.955203729,6411.73828125,6412.1572265625,6410.14111328125,6409.03125,6410.5341796875,-4.3560942888
1537465380,6410.05,6414.19,6408.02,6410.0,6410.736666666667,3.252056,6407.34049168,6411.03767265,52.5763179485,6413.00634765625,6413.74267578125,6412.43212890625,6410.28369140625,6412.23974609375,-3.69718097193
1537465440,6410.0,6410.05,6408.05,6410.0,6409.366666666666,3.017798,6407.55890872,6410.60895923,48.479177999,6413.77685546875,6415.095703125,6414.1201171875,6410.97021484375,6413.31298828125,-3.05005051412
1537465500,6409.92,6410.0,6409.0,6409.0,6409.333333333333,0.206068,6407.8606492,6410.22268643,52.8970031548,6412.13232421875,6412.26123046875,6411.22314453125,6409.259765625,6410.9091796875,-2.36203722207
1537465560,6408.15,6410.0,6408.14,6409.84,6409.326666666667,0.888014,6408.15786016,6409.85194126,55.020966829,6412.02685546875,6411.771484375,6410.95654296875,6410.1513671875,6411.4306640625,-1.69408110006
1537465620,6409.0,6410.0,6409.0,6410.0,6409.666666666667,0.225248,6408.49717734,6409.53814592,59.9222202378,6411.29296875,6410.47119140625,6410.763671875,6410.0390625,6411.37841796875,-1.04096858661
1537465680,6407.46,6407.47,6405.99,6405.99,6406.483333333333,0.765151,6408.59470038,6409.10033056,47.4811085452,6409.0927734375,6408.12109375,6409.486328125,6408.08349609375,6410.01904296875,-0.505630177414
1537465740,6405.31,6407.45,6405.28,6405.3,6406.009999999999,3.747089,6408.67895304,6408.70477991,46.4709543559,6408.2880859375,6406.455078125,6409.30615234375,6407.38232421875,6409.9423828125,-0.0258268702846
1537465800,6405.27,6405.29,6405.27,6405.29,6405.283333333334,1.355432,6408.40717258,6408.28624269,49.8320125949,6407.634765625,6407.02685546875,6409.23486328125,6407.88720703125,6410.15283203125,0.120929896468
1537465860,6405.3,6405.3,6405.27,6405.27,6405.28,5.12893,6407.96809925,6407.90656478,51.9135081827,6408.24365234375,6408.0654296875,6410.068359375,6408.552734375,6411.16162109375,0.0615344677899
1537465920,6405.29,6405.29,6400.0,6401.19,6402.16,12.525271,6407.15539743,6407.53304656,28.3770924013,6405.8916015625,6406.158203125,6408.8115234375,6406.5380859375,6408.421875,-0.377649134765
1537465980,6401.22,6402.84,6398.0,6398.0,6399.613333333334,10.224235,6406.04359193,6406.97006899,12.4296291546,6402.892578125,6403.17578125,6407.2744140625,6404.13232421875,6405.87939453125,-0.926477050799
1537466040,6399.75,6399.75,6394.0,6394.0,6395.916666666667,23.741702,6404.4613056,6406.16832197,8.97817473537,6399.8212890625,6400.509765625,6405.18603515625,6402.171875,6403.259765625,-1.70701637792
1537466100,6390.03,6402.58,6390.03,6396.69,6396.433333333333,27.501323,6403.13496912,6405.40726704,10.5911388099,6398.1103515625,6398.83203125,6403.26904296875,6399.81494140625,6400.95166015625,-2.27229791742
1537466160,6398.95,6402.58,6395.0,6402.57,6400.05,13.752724,6402.45736795,6404.89081788,28.0710365214,6398.8564453125,6400.66796875,6404.69384765625,6400.3837890625,6402.3017578125,-2.43344993343
1537466220,6400.69,6403.77,6399.14,6403.76,6402.223333333332,4.874386,6402.12450627,6404.61816837,38.6325000995,6400.021484375,6401.7177734375,6404.80029296875,6400.44384765625,6402.30615234375,-2.49366209647
1537466280,6402.31,6403.75,6400.45,6401.62,6401.94,2.380732,6401.78378753,6404.37460976,39.1212622057,6400.767578125,6401.359375,6405.3115234375,6401.50732421875,6402.3388671875,-2.59082223362
1537466340,6401.66,6403.51,6397.82,6399.99,6400.44,16.304025,6401.26144979,6404.10164914,35.21469694,6401.78466796875,6400.88916015625,6405.27392578125,6401.8193359375,6402.3193359375,-2.84019934837
1537466400,6399.99,6402.99,6391.8,6391.83,6395.540000000001,23.904311,6400.28323925,6403.55322841,25.9923951497,6397.45849609375,6397.2314453125,6400.4140625,6397.90185546875,6398.56884765625,-3.2699891592
1537466460,6391.79,6399.99,6391.08,6395.09,6395.386666666666,5.859276,6399.39077573,6403.02844484,25.2688398755,6395.7734375,6395.1494140625,6397.76025390625,6395.09716796875,6396.2080078125,-3.63766911022
1537466520,6399.33,6399.33,6396.05,6396.85,6397.410000000001,3.34147,6398.87257074,6402.74655053,35.7698578475,6395.60205078125,6395.01416015625,6396.8935546875,6395.23828125,6395.12939453125,-3.87397979657
1537466580,6397.99,6399.37,6392.61,6392.61,6394.863333333334,19.101187,6398.06630016,6402.34913005,31.0647025189,6394.86474609375,6394.01806640625,6395.837890625,6395.255859375,6394.7998046875,-4.28282988653
1537466640,6396.44,6397.11,6392.21,6396.58,6395.3,13.307889,6397.52437532,6401.87009082,33.2901889019,6395.283203125,6394.28857421875,6395.9580078125,6395.41650390625,6394.490234375,-4.34571549579
1537466700,6396.56,6396.6,6392.0,6392.01,6393.536666666667,5.293265,6396.91074284,6401.21000733,29.9352957869,6394.453125,6393.46484375,6394.33349609375,6393.53271484375,6394.71923828125,-4.29926449519
1537466760,6394.88,6396.03,6391.59,6393.02,6393.546666666666,4.831263,6396.51423228,6400.5746977,32.0831783945,6394.015625,6393.369140625,6393.5986328125,6392.853515625,6394.52978515625,-4.06046541322
1537466820,6392.01,6396.0,6391.59,6395.69,6394.426666666666,3.963075,6396.24462011,6399.99987599,38.3267517359,6394.80322265625,6394.2529296875,6395.09326171875,6393.80078125,6395.90087890625,-3.75525587398
1537466880,6395.67,6397.77,6395.61,6395.73,6396.37,5.768061,6396.09375897,6399.52479288,50.619780823,6396.2158203125,6396.6396484375,6396.869140625,6395.47705078125,6398.125,-3.43103391158
1537466940,6395.74,6400.5,6395.73,6400.5,6398.91,6.830145,6396.19284878,6399.24717354,58.3880980886,6399.09228515625,6399.9140625,6398.9423828125,6396.73583984375,6400.9580078125,-3.05432475902
1537467000,6398.83,6404.48,6398.83,6403.0,6402.103333333333,2.973841,6396.71364507,6399.20347048,63.5289553904,6401.78759765625,6401.90478515625,6400.44287109375,6397.66259765625,6402.9306640625,-2.48982541082
1537467060,6404.48,6404.48,6402.0,6402.0,6402.826666666667,6.131662,6397.3497696,6399.20606303,63.4867417594,6404.072265625,6403.85791015625,6402.2216796875,6399.36572265625,6404.49853515625,-1.85629342572
1537467120,6402.0,6403.89,6400.65,6403.79,6402.776666666668,2.397741,6398.13945501,6399.20566452,63.7046871593,6403.16650390625,6403.30224609375,6402.06005859375,6399.02001953125,6404.5087890625,-1.06620950287
1537467240,6400.0,6400.0,6400.0,6400.0,6400.0,0.005,6398.50391682,6399.02959902,53.9603088414,6402.39990234375,6402.5712890625,6401.7841796875,6397.2119140625,6402.708984375,-0.525682195191
1537467300,6399.84,6399.84,6399.84,6399.84,6399.84,3.6e-05,6398.72683357,6398.91897074,60.6317263106,6402.5751953125,6402.4482421875,6401.81103515625,6396.54150390625,6402.7255859375,-0.192137170854
1537467300,6399.84,6400.0,6398.03,6399.98,6399.336666666666,1.968387,6398.97645563,6398.79230121,58.3047191098,6402.9716796875,6403.22900390625,6402.26318359375,6396.79833984375,6403.27783203125,0.184154417461
1537467420,6401.06,6401.06,6401.06,6401.06,6401.06,0.001998,6399.41069833,6398.79068882,61.9226508912,6403.61669921875,6402.990234375,6402.57568359375,6398.49072265625,6404.6171875,0.620009517385
1537467480,6405.29,6405.29,6405.29,6405.29,6405.29,0.066164,6400.43823012,6399.04574481,76.8406217089,6403.9072265625,6403.884765625,6403.07177734375,6400.48779296875,6404.62646484375,1.39248531116
1537467540,6405.05,6407.47,6405.05,6407.47,6406.663333333334,0.129196,6401.55573794,6399.44096687,78.7889586717,6405.83642578125,6405.79296875,6404.859375,6403.40771484375,6406.4208984375,2.11477106999
1537467600,6408.31,6409.55,6408.31,6408.31,6408.723333333334,0.81621,6402.80701524,6400.00021296,84.8822053134,6407.47802734375,6407.509765625,6406.80712890625,6405.9326171875,6408.77294921875,2.80680228315
1537467660,6406.1,6409.28,6406.1,6409.28,6408.22,0.251018,6403.79827346,6400.58624607,81.8975621744,6409.517578125,6409.51806640625,6408.8388671875,6408.07421875,6410.53466796875,3.21202739138
1537467720,6408.9,6408.94,6407.05,6408.93,6408.306666666666,0.059059,6404.60308562,6401.14348139,81.6021341653,6408.72705078125,6409.81396484375,6408.46728515625,6408.21728515625,6409.443359375,3.45960422348
1537467780,6408.92,6408.93,6405.53,6407.98,6407.48,0.554315,6405.08942196,6401.55120715,75.1041269411,6407.86181640625,6408.76953125,6407.5859375,6407.80029296875,6409.13134765625,3.53821481547
1537467840,6403.03,6403.03,6401.26,6403.0,6402.43,0.067225,6404.84088438,6401.59009515,49.2998565258,6405.38671875,6406.2333984375,6405.0791015625,6405.271484375,6407.03173828125,3.25078922819
1537467900,6402.94,6402.99,6401.26,6402.93,6402.393333333333,0.009998,6404.61134431,6401.63130809,45.0274794979,6403.27001953125,6403.5126953125,6402.953125,6403.69580078125,6404.8427734375,2.98003621268
1537467960,6402.67,6402.67,6402.0,6402.01,6402.2266666666665,0.133375,6404.50199197,6401.6929509,43.311238018,6401.734375,6401.43603515625,6401.7919921875,6400.8671875,6402.0732421875,2.80904107009
1537468020,6404.2,6406.01,6404.2,6406.01,6405.406666666667,0.038148,6404.82529366,6402.05006676,55.7774602246,6401.04638671875,6400.5703125,6400.9228515625,6399.77197265625,6402.11865234375,2.77522690412
1537468080,6406.01,6406.01,6406.0,6406.0,6406.003333333334,0.354249,6405.22070172,6402.43265232,61.8209307103,6402.5791015625,6402.68310546875,6402.71875,6400.89013671875,6403.91845703125,2.78804940382
1537468140,6404.21,6404.21,6404.21,6404.21,6404.21,0.011998,6405.27133257,6402.64810593,54.0678160317,6402.30322265625,6402.28515625,6402.42578125,6400.51318359375,6403.78466796875,2.62322664157
1537468200,6404.5,6405.81,6404.5,6404.5,6404.936666666667,0.072872,6405.22671937,6402.95377071,57.2520069922,6403.564453125,6403.8515625,6403.1279296875,6402.30615234375,6404.20458984375,2.27294866272
1537468260,6404.21,6404.89,6404.21,6404.88,6404.66,0.408735,6405.08941417,6403.22131114,53.8666255521,6405.28369140625,6405.48046875,6404.67431640625,6402.98828125,6405.04345703125,1.8681030301
1537468320,6406.0,6407.21,6405.79,6407.21,6406.736666666667,0.307224,6405.14523413,6403.64210154,56.3454290244,6406.83837890625,6407.267578125,6406.36279296875,6404.25390625,6406.15478515625,1.50313258912
1537468380,6406.01,6408.0,6406.01,6408.0,6407.336666666667,0.056759,6405.29684061,6404.08256592,56.865844786,6407.2373046875,6408.29638671875,6406.7587890625,6404.80322265625,6406.6611328125,1.21427469357
1537468440,6408.1,6408.82,6407.01,6407.01,6407.613333333334,0.068038,6405.46766629,6404.50367482,55.0030043145,6407.7470703125,6408.716796875,6407.8662109375,6405.73486328125,6406.25341796875,0.963991477286
1537468500,6408.0,6408.57,6407.1,6407.1,6407.59,0.049186,6405.65693069,6404.86519999,55.9117483844,6407.43798828125,6408.298828125,6408.3828125,6405.6513671875,6405.435546875,0.791730691578
1537468560,6407.42,6407.42,6405.99,6406.0,6406.47,0.332887,6405.9051664,6405.09017905,49.1057025674,6405.90087890625,6406.5556640625,6408.0078125,6405.11572265625,6405.27734375,0.81498735341
1537468620,6400.24,6405.98,6400.24,6400.54,6402.253333333333,0.776275,6405.58167094,6404.9821601,33.8081851799,6403.4970703125,6403.5556640625,6405.07666015625,6402.3798828125,6402.67138671875,0.599510848368
1537468680,6401.74,6401.74,6396.94,6396.94,6398.54,0.027229,6404.80770518,6404.63767165,28.8859951169,6400.44580078125,6400.67626953125,6401.92333984375,6399.75927734375,6400.62890625,0.170033527236
1537468740,6396.7,6398.0,6396.69,6398.0,6397.563333333333,0.421383,6403.83341612,6404.24853139,26.8441498128,6398.4951171875,6398.19580078125,6398.43212890625,6397.38671875,6397.6435546875,-0.415115268513
1537468800,6396.5,6397.81,6396.21,6397.8,6397.2733333333335,1.017136,6402.87961734,6403.91658193,26.3574433653,6396.40185546875,6396.0263671875,6396.93359375,6396.1904296875,6396.17431640625,-1.03696459504
1537468860,6396.45,6396.45,6395.47,6395.47,6395.796666666666,0.212289,6401.89430098,6403.51152379,16.711107111,6395.18603515625,6394.220703125,6395.57958984375,6394.66064453125,6395.15771484375,-1.61722281107
1537468920,6392.99,6395.42,6391.75,6391.84,6393.003333333334,0.178554,6400.59714557,6402.96373227,12.1623464801,6392.92529296875,6392.7666015625,6394.203125,6393.3876953125,6393.87646484375,-2.36658669899
1537468980,6394.01,6394.96,6392.36,6393.01,6393.443333333334,1.428042,6399.48244923,6402.42716345,15.7685847259,6391.06884765625,6391.26904296875,6394.10693359375,6392.94580078125,6393.14501953125,-2.9447142226
1537469040,6394.76,6394.9,6392.3,6392.31,6393.170000000001,1.139977,6398.33757109,6401.8043841,13.64665038,6390.03759765625,6390.54296875,6392.833984375,6392.05859375,6392.1181640625,-3.46681301134
1537469100,6394.54,6394.55,6392.25,6394.54,6393.78,2.008646,6397.34563017,6401.21358014,18.3409931206,6389.97705078125,6390.29736328125,6392.5263671875,6392.1162109375,6392.1767578125,-3.8679499708
1537469160,6394.55,6394.55,6393.81,6393.81,6394.056666666667,0.173612,6396.46393033,6400.61856317,14.8971008424,6390.81591796875,6391.14111328125,6392.8134765625,6393.66650390625,6393.23583984375,-4.15463283754
1537469220,6403.09,6403.09,6400.74,6403.07,6402.3,0.592808,6396.73855554,6400.55759386,53.9996287387,6394.4150390625,6394.82470703125,6396.0234375,6396.45458984375,6396.5732421875,-3.81903831992
1537469280,6406.0,6406.0,6400.88,6400.88,6402.586666666667,1.329693,6397.07605801,6400.5145427,54.5395836371,6398.2431640625,6398.80908203125,6398.7939453125,6399.00634765625,6399.5380859375,-3.43848469016
1537469340,6401.96,6401.96,6399.47,6401.96,6401.13,0.271957,6397.37896589,6400.40255838,49.7878189538,6398.755859375,6399.677734375,6399.54296875,6399.59423828125,6399.41552734375,-3.02359249611
1537469400,6400.02,6401.96,6400.02,6400.08,6400.686666666666,0.485885,6397.76076071,6400.37632884,49.5887342023,6399.05126953125,6399.95751953125,6399.40625,6399.32763671875,6399.54833984375,-2.61556813259
1537469460,6401.97,6406.61,6401.97,6403.0,6403.860000000001,0.832829,6398.56755393,6400.54436458,63.9926806791,6401.10986328125,6401.60693359375,6401.7353515625,6400.2001953125,6401.36376953125,-1.97681065551
1537469520,6405.45,6405.45,6404.0,6404.0,6404.483333333334,1.210726,6399.39855071,6400.747187,71.2628427823,6405.05908203125,6404.4111328125,6404.4130859375,6402.37841796875,6404.802734375,-1.34863628949
1537469580,6405.01,6407.07,6404.67,6405.01,6405.583333333333,1.022952,6400.36618259,6400.94060199,75.2325207185,6407.82666015625,6406.46044921875,6406.99560546875,6405.599609375,6407.47119140625,-0.574419401605
1537469640,6405.54,6405.54,6402.89,6403.01,6403.813333333334,2.780389,6401.14089743,6401.00629919,66.6061158297,6408.1630859375,6407.14306640625,6407.16064453125,6406.021484375,6408.15185546875,0.134598233508
1537469700,6403.01,6407.0,6403.01,6407.0,6405.670000000001,0.963927,6402.07190353,6401.22046165,73.0376523954,6409.4521484375,6408.1337890625,6407.0888671875,6408.29931640625,6409.95166015625,0.851441874953
1537469760,6405.54,6407.06,6404.8,6404.9,6405.586666666667,1.165408,6402.92311582,6401.40559621,77.9601352553,6409.05029296875,6408.1513671875,6405.37744140625,6407.81640625,6408.912109375,1.517519608
1537469820,6405.01,6406.99,6405.01,6406.99,6406.329999999999,0.039027,6403.77081425,6401.63448248,79.0046991718,6411.00146484375,6409.15283203125,6406.60595703125,6409.76416015625,6410.1962890625,2.13633177338
1537469880,6405.54,6407.0,6405.54,6406.3,6406.28,0.554852,6404.5261445,6401.80684685,79.299538537,6410.67138671875,6408.3857421875,6407.048828125,6408.58837890625,6409.578125,2.71929765399
1537469940,6405.54,6406.62,6405.54,6405.54,6405.900000000001,1.087465,6404.80377168,6401.93654571,76.1311396981,6411.49853515625,6410.27978515625,6408.953125,6409.95751953125,6411.08447265625,2.86722596705
1537470000,6405.54,6407.0,6405.0,6405.01,6405.670000000001,0.869023,6405.01457603,6402.04127983,74.1938049509,6410.07470703125,6408.92138671875,6406.958984375,6407.669921875,6409.09765625,2.97329620726
1537470060,6406.0,6407.0,6405.07,6405.07,6405.713333333333,0.350553,6405.27676066,6402.14503543,63.512535658,6409.712890625,6408.14453125,6406.23388671875,6407.1748046875,6408.76513671875,3.13172523052
1537470120,6405.24,6407.06,6405.24,6407.0,6406.433333333333,1.608538,6405.62986411,6402.31239602,66.8483275169,6410.19775390625,6408.49169921875,6407.0,6407.9111328125,6409.57763671875,3.31746809312
1537470180,6406.94,6407.0,6406.93,6407.0,6406.9766666666665,0.781634,6405.8838952,6402.59653268,74.9079760707,6411.32177734375,6408.8212890625,6408.2861328125,6407.6689453125,6410.22412109375,3.28736252847
1537470240,6405.25,6407.0,6405.25,6405.3,6405.849999999999,0.221187,6405.94102237,6402.88079798,64.2480583256,6410.64892578125,6407.14306640625,6408.25927734375,6405.8330078125,6408.9580078125,3.06022439698
1537470300,6407.97,6408.0,6405.54,6407.99,6407.176666666666,2.978799,6406.11843488,6403.25531,65.5801865671,6411.0419921875,6407.14599609375,6408.638671875,6406.0244140625,6409.1416015625,2.86312488347
1537470360,6408.44,6408.44,6405.26,6405.27,6406.323333333334,1.158449,6406.24656894,6403.56960207,56.2024045852,6410.7705078125,6407.828125,6409.88525390625,6407.06103515625,6410.6044921875,2.67696687101
1537470420,6404.86,6408.7,6404.76,6408.7,6407.386666666666,1.694536,6406.42109971,6403.96771116,60.5508107224,6411.4091796875,6408.646484375,6410.52978515625,6407.90771484375,6411.39794921875,2.4533885472
1537470480,6407.98,6409.97,6407.0,6409.97,6408.9800000000005,4.502866,6406.79262227,6404.50671697,73.9552069185,6412.798828125,6410.39208984375,6412.068359375,6409.6005859375,6412.28466796875,2.28590530374
1537470540,6409.96,6409.97,6407.17,6408.87,6408.669999999999,0.983461,6407.05862113,6404.996356,67.9323706326,6413.98681640625,6411.75732421875,6413.81982421875,6409.98388671875,6412.10791015625,2.0622651254
1537470600,6408.86,6408.86,6399.29,6401.11,6403.086666666666,30.302547,6406.57309629,6405.13404678,35.4352281053,6411.34716796875,6408.58203125,6411.21728515625,6407.63671875,6409.30615234375,1.43904950559
1537470660,6403.9,6404.0,6400.2,6401.64,6401.946666666667,0.305776,6405.99729177,6405.1841261,30.5599067108,6407.79345703125,6404.7080078125,6407.47802734375,6404.939453125,6406.24072265625,0.813165676224
1537470720,6403.15,6403.99,6401.69,6403.98,6403.22,0.550286,6405.64825592,6405.30353414,37.9508846298,6405.9140625,6403.2236328125,6405.7255859375,6402.39208984375,6405.02783203125,0.344721771468
1537470780,6404.0,6406.0,6403.99,6406.0,6405.329999999999,1.994619,6405.60375006,6405.36952208,48.3016435547,6406.34716796875,6403.76220703125,6406.50439453125,6402.21337890625,6405.56103515625,0.234227983382
1537470840,6408.65,6409.94,6405.62,6409.93,6408.496666666666,2.50812,6405.94583747,6405.6188242,59.2921899605,6407.78857421875,6404.8984375,6408.041015625,6403.69921875,6407.009765625,0.327013270827
1537470900,6411.0,6411.01,6411.0,6411.0,6411.003333333334,1.405392,6406.56232474,6406.04159571,65.4017313486,6408.3984375,6405.67919921875,6408.6396484375,6404.71240234375,6408.74072265625,0.520729033491
1537470960,6411.61,6411.61,6409.0,6410.99,6410.533333333333,1.283873,6407.11326122,6406.42878953,62.8871765834,6409.8291015625,6407.32568359375,6409.08349609375,6405.28076171875,6408.89892578125,0.684471690771
1537471020,6409.24,6409.24,6406.0,6408.86,6408.033333333333,1.470531,6407.23087011,6406.58116294,53.0961814263,6409.74951171875,6406.880859375,6409.408203125,6405.06201171875,6409.30126953125,0.649707170895
1537471080,6406.95,6410.79,6406.84,6408.85,6408.826666666668,2.567721,6407.47957918,6406.76231283,56.7117820939,6408.748046875,6406.40087890625,6408.1611328125,6404.52294921875,6408.97802734375,0.717266354999
1537471140,6408.89,6415.0,6408.89,6413.62,6412.503333333333,3.93655,6408.14104591,6407.13575656,64.4785614859,6409.9541015625,6408.48583984375,6409.95849609375,6406.51171875,6411.20751953125,1.00528935733
1537471200,6413.62,6413.62,6410.68,6413.61,6412.636666666666,0.607808,6408.69244307,6407.54058472,65.9028108982,6410.763671875,6409.8896484375,6410.77197265625,6405.951171875,6411.712890625,1.15185835307
1537471260,6413.61,6416.0,6413.61,6416.0,6415.203333333334,6.808811,6409.54541128,6408.04539914,70.2056048948,6410.939453125,6409.65283203125,6411.43017578125,6405.34326171875,6410.86083984375,1.5000121494
1537471320,6417.95,6418.33,6416.02,6418.33,6417.56,0.940731,6410.87805719,6408.67512884,73.2098155885,6411.6884765625,6411.625,6412.0205078125,6406.78125,6412.2607421875,2.20292834576
1537471380,6419.86,6423.23,6417.92,6421.64,6420.93,22.595223,6412.58598741,6409.46861054,78.1296903453,6414.90087890625,6414.6689453125,6413.65673828125,6409.5068359375,6414.37158203125,3.11737686471
1537471440,6423.63,6424.0,6421.86,6423.64,6423.166666666667,2.599197,6414.38220833,6410.36769665,88.645898386,6417.5986328125,6417.87548828125,6416.50390625,6412.90234375,6417.5048828125,4.01451167612
1537471500,6420.0,6421.85,6420.0,6421.84,6421.2300000000005,1.651778,6415.67617038,6411.12222305,81.3989569891,6419.26123046875,6418.68701171875,6417.5478515625,6413.53759765625,6417.9638671875,4.55394732307
1537471560,6422.72,6425.25,6420.29,6425.25,6423.596666666667,8.687184,6417.02818522,6411.99562377,83.2455899763,6422.08984375,6422.91064453125,6421.32373046875,6418.3837890625,6422.05126953125,5.03256145105
1537471620,6425.0,6428.0,6422.6,6425.0,6425.2,14.647398,6418.36233291,6412.93108525,84.0292012927,6424.1630859375,6424.71484375,6422.921875,6420.6337890625,6424.31396484375,5.43124765658
1537471680,6425.66,6425.66,6421.04,6423.99,6423.563333333334,8.664179,6419.38703744,6413.71517533,75.4653814601,6425.3662109375,6425.2470703125,6424.380859375,6421.9599609375,6425.34814453125,5.6718621072
1537471740,6421.22,6423.0,6421.06,6421.99,6422.016666666667,1.554258,6420.23019598,6414.3630745,67.5650176724,6425.42138671875,6424.32373046875,6423.9306640625,6421.38916015625,6424.75244140625,5.86712147824
1537471800,6422.93,6424.79,6421.6,6422.0,6422.796666666666,3.493238,6421.06728002,6415.05702417,69.7205340665,6424.1796875,6422.18359375,6422.96533203125,6420.8232421875,6424.04150390625,6.01025584614
1537471860,6430.1,6435.0,6427.68,6427.68,6430.12,16.822388,6422.62830585,6416.13945848,82.5065559186,6426.55322265625,6424.7841796875,6425.1044921875,6424.125,6427.4521484375,6.48884736738
1537471920,6421.94,6426.3,6419.03,6426.3,6423.876666666667,5.727722,6423.23084833,6416.81910688,62.7645285699,6424.42333984375,6421.669921875,6422.19384765625,6420.92138671875,6424.52587890625,6.41174145226
1537471980,6428.32,6428.34,6425.66,6426.03,6426.676666666666,1.909732,6424.03460459,6417.61912212,64.9868589583,6424.923828125,6422.0107421875,6422.294921875,6420.07470703125,6424.580078125,6.41548247153
1537472040,6426.07,6427.99,6426.07,6426.55,6426.87,3.864543,6424.69022495,6418.36533904,65.2012379358,6424.3056640625,6422.37548828125,6423.5927734375,6418.9912109375,6424.85791015625,6.32488591394
1537472100,6427.99,6428.0,6426.0,6426.0,6426.666666666667,3.516612,6425.11413488,6419.07661003,63.188054963,6423.802734375,6422.21728515625,6424.60986328125,6418.99462890625,6425.00830078125,6.03752484839
1537472160,6427.38,6430.77,6427.38,6430.74,6429.63,7.61183,6425.79065995,6420.0593895,66.7622496254,6425.22314453125,6423.9443359375,6426.0341796875,6420.64892578125,6426.98388671875,5.73127044473
1537472220,6430.81,6432.32,6429.0,6432.01,6431.110000000001,6.346592,6426.687188,6421.11782682,67.2893656392,6426.80810546875,6425.931640625,6427.9404296875,6422.64013671875,6429.046875,5.56936118208
1537472280,6434.0,6436.93,6433.0,6433.84,6434.59,28.763107,6427.85715514,6422.31851643,71.3116018688,6430.220703125,6429.68994140625,6430.7041015625,6426.513671875,6431.03662109375,5.53863871075
1537472340,6433.83,6435.98,6432.0,6432.0,6433.326666666667,13.627035,6428.68966419,6423.35028053,69.2688080091,6430.24853515625,6429.03564453125,6429.71337890625,6426.29833984375,6428.765625,5.33938365899
1537472400,6430.9,6433.85,6429.0,6430.88,6431.243333333333,14.013699,6429.24915513,6424.14736245,61.13534293,6430.4130859375,6428.306640625,6427.9765625,6426.1181640625,6428.998046875,5.10179267828
1537472460,6430.24,6431.86,6426.0,6427.96,6428.606666666667,31.739231,6429.48299067,6424.69955417,52.5871332333,6429.65380859375,6427.8076171875,6426.5439453125,6424.732421875,6427.498046875,4.78343649618
1537472520,6427.84,6428.01,6416.39,6422.57,6422.323333333334,15.286764,6428.84001593,6424.85910821,40.7726143184,6426.58984375,6423.22314453125,6421.1103515625,6421.287109375,6422.80712890625,3.9809077173
1537472580,6422.25,6422.98,6419.71,6422.9,6421.863333333332,2.813612,6427.87082057,6425.03809803,40.8884577885,6424.74169921875,6421.34521484375,6419.15478515625,6419.8369140625,6421.5625,2.83272253283
1537472640,6422.99,6424.92,6420.59,6423.08,6422.863333333334,1.555368,6427.39113185,6425.25371017,42.8155259041,6423.7275390625,6420.65234375,6418.4384765625,6419.32568359375,6421.71826171875,2.13742167881
1537472700,6423.11,6427.3,6423.1,6426.88,6425.760000000001,5.433189,6427.20909504,6425.55772811,43.8969730171,6424.015625,6421.439453125,6419.57373046875,6419.1728515625,6422.2724609375,1.65136692949
1537472760,6426.92,6426.95,6425.03,6426.93,6426.303333333333,2.070089,6427.10547683,6425.87991838,50.7385384671,6424.4697265625,6421.396484375,6420.02490234375,6418.814453125,6422.3759765625,1.22555845126
1537472820,6425.08,6426.5,6425.08,6426.5,6426.026666666668,8.875743,6426.98359742,6426.11767827,46.9444701575,6424.828125,6422.28955078125,6422.328125,6420.31494140625,6424.67041015625,0.865919154195
1537472880,6426.52,6429.41,6426.5,6427.94,6427.95,2.734628,6426.99373172,6426.41224163,52.8278485793,6425.18212890625,6423.806640625,6424.10009765625,6422.47314453125,6426.09521484375,0.581490093748
1537472940,6427.06,6429.0,6426.52,6427.94,6427.82,4.929853,6426.92091996,6426.61513265,52.6217889801,6425.28515625,6425.99462890625,6425.57275390625,6425.31103515625,6427.26904296875,0.305787308983
1537473000,6427.94,6427.94,6423.14,6423.14,6424.740000000001,3.628964,6426.29843703,6426.57533316,39.8918542524,6424.1474609375,6426.34619140625,6426.10791015625,6425.3837890625,6427.59619140625,-0.276896130677
1537473060,6425.55,6425.55,6420.68,6421.97,6422.733333333334,2.801264,6425.52299587,6426.45691121,33.3116312075,6422.591796875,6425.9453125,6426.49462890625,6424.10595703125,6427.6328125,-0.933915335139
1537473120,6421.81,6423.48,6416.87,6416.87,6419.073333333333,3.113042,6424.4275853,6426.07043613,22.1484070915,6420.31201171875,6423.517578125,6424.18017578125,6422.4736328125,6424.85205078125,-1.64285082277
1537473180,6416.89,6420.59,6415.35,6420.59,6418.843333333333,3.5358,6423.51316474,6425.65079773,22.4178241589,6418.419921875,6421.60888671875,6422.04248046875,6421.6923828125,6423.267578125,-2.1376329808
1537473240,6419.2,6421.48,6415.09,6421.01,6419.193333333334,5.018626,6423.0001935,6425.30392288,25.3097181225,6418.9345703125,6421.98583984375,6423.86669921875,6422.5732421875,6425.54345703125,-2.30372938618
1537473300,6420.34,6422.0,6419.0,6419.0,6420.0,3.411841,6422.65757492,6425.05272442,31.3681733852,6417.84912109375,6421.8046875,6423.8818359375,6422.3203125,6426.28125,-2.39514949769
1537473360,6417.83,6420.99,6417.0,6419.99,6419.326666666667,3.440406,6422.21266511,6424.75382057,35.4711503513,6418.142578125,6421.38623046875,6423.41455078125,6421.73486328125,6425.7763671875,-2.5411554629
1537473420,6419.98,6422.49,6417.07,6422.49,6420.683333333333,14.52614,6421.8566194,6424.39193286,43.5073472512,6418.2880859375,6420.4833984375,6422.63037109375,6421.6474609375,6425.05712890625,-2.53531345621
1537473480,6421.99,6423.0,6417.0,6421.17,6420.389999999999,11.846931,6421.46924718,6424.16027566,40.5106193729,6418.95849609375,6420.53564453125,6422.7529296875,6422.17529296875,6425.919921875,-2.69102848015
1537473540,6418.01,6420.0,6416.89,6419.99,6418.959999999999,0.947807,6420.94057591,6423.79095773,29.2232779623,6418.14892578125,6419.498046875,6420.9443359375,6420.388671875,6424.4912109375,-2.85038182057
1537473600,6421.99,6424.0,6420.05,6422.29,6422.113333333334,7.68885,6420.78593357,6423.62321462,45.9816217811,6419.4931640625,6421.61474609375,6422.40087890625,6420.830078125,6425.0048828125,-2.83728105002
1537473660,6422.98,6423.99,6420.04,6421.17,6421.733333333333,5.182913,6420.60071891,6423.44336182,44.8768699357,6420.6103515625,6423.1962890625,6424.109375,6422.09130859375,6426.310546875,-2.84264290927
1537473720,6423.82,6423.82,6421.17,6421.19,6422.06,5.31512,6420.60972842,6423.22685112,43.1820813344,6420.9755859375,6424.2509765625,6423.61376953125,6422.9453125,6427.28662109375,-2.61712270683
1537473780,6422.91,6425.51,6421.18,6422.59,6423.093333333333,9.502049,6420.84137592,6423.0497729,48.7528612997,6421.10400390625,6423.208984375,6423.59521484375,6423.20849609375,6426.6552734375,-2.2083969776
1537473840,6422.62,6426.94,6422.62,6424.06,6424.54,7.790437,6421.40307425,6422.89277668,60.714350603,6422.3408203125,6424.4169921875,6424.98974609375,6423.94921875,6427.8759765625,-1.48970242377
1537473900,6426.95,6427.0,6425.12,6425.14,6425.753333333333,16.169979,6422.08484177,6422.84260095,69.4319295071,6424.63330078125,6426.50732421875,6426.91552734375,6425.54345703125,6429.65966796875,-0.757759181668
1537473960,6426.97,6427.0,6425.13,6427.0,6426.376666666667,7.040129,6422.77354592,6422.8768532,81.3691434544,6425.5322265625,6427.853515625,6426.0751953125,6425.7763671875,6429.84619140625,-0.103307283481
1537474020,6427.0,6427.0,6422.83,6427.0,6425.610000000001,12.719613,6423.2666226,6422.91978575,75.062695847,6426.7548828125,6427.81103515625,6425.66748046875,6426.111328125,6429.47021484375,0.346836847358
1537474080,6427.0,6428.03,6426.99,6428.03,6427.683333333333,6.704893,6424.0177538,6423.22146252,79.8506706451,6428.55322265625,6428.947265625,6427.84228515625,6427.26611328125,6431.32666015625,0.796291283626
1537474140,6427.53,6429.88,6427.52,6429.03,6428.81,9.349095,6424.79140898,6423.58949892,81.5210591106,6429.7373046875,6429.49072265625,6429.90234375,6428.63232421875,6433.705078125,1.20191005823
1537474200,6429.88,6430.0,6429.0,6430.0,6429.666666666667,7.118476,6425.62282672,6423.97362234,84.9254083931,6431.75244140625,6431.07470703125,6430.74072265625,6429.58740234375,6434.58642578125,1.64920438329
1537474260,6433.54,6434.0,6432.0,6433.0,6433.0,8.313687,6426.88103426,6424.48274619,88.4549807124,6434.654296875,6433.43994140625,6433.4052734375,6431.0859375,6436.21240234375,2.39828806732
1537474320,6433.95,6433.99,6423.8,6427.0,6428.263333333333,14.64442,6427.27148193,6424.67299912,62.8074571861,6433.38427734375,6431.5771484375,6430.48193359375,6429.63134765625,6433.58984375,2.59848280741
1537474380,6424.99,6424.99,6417.49,6421.94,6421.473333333332,13.863977,6426.75619852,6424.44993451,44.05520016,6429.0380859375,6428.11474609375,6425.95654296875,6426.17822265625,6430.2978515625,2.30626400603
1537474440,6421.94,6423.19,6418.85,6423.19,6421.743333333333,7.372567,6426.30666485,6424.21076287,41.6549541244,6425.787109375,6425.87109375,6423.75146484375,6424.30419921875,6427.3583984375,2.09590198383
1537474500,6423.18,6424.99,6420.42,6423.62,6423.009999999999,6.421444,6426.01652407,6424.06057453,45.9428869464,6424.70703125,6425.44140625,6424.080078125,6423.4921875,6426.55419921875,1.95594954231
1537474560,6423.62,6426.39,6422.19,6426.11,6424.8966666666665,11.16877,6425.93488676,6424.09671643,51.0210735691,6424.35546875,6425.677734375,6423.36767578125,6423.89404296875,6425.88671875,1.83817032669
1537474620,6426.12,6427.87,6426.12,6426.63,6426.873333333333,6.484241,6426.06566735,6424.29433297,55.1819720216,6425.2783203125,6427.65966796875,6424.5791015625,6425.50341796875,6427.88916015625,1.77133438601
1537474680,6428.55,6437.0,6425.3,6435.0,6432.433333333333,33.719064,6426.88523731,6424.89984879,65.1532478662,6429.37158203125,6431.9658203125,6429.68310546875,6430.70556640625,6432.87548828125,1.98538852543
1537474740,6435.01,6436.49,6426.18,6429.99,6430.886666666666,27.929395,6427.46489765,6425.39275265,59.9705773752,6430.6552734375,6433.31640625,6431.17138671875,6432.48388671875,6434.921875,2.0721450017
1537474800,6429.99,6435.89,6429.97,6434.8,6433.553333333333,16.046668,6428.25199765,6426.02055035,64.2362448554,6431.96630859375,6434.4072265625,6432.73291015625,6434.787109375,6435.6640625,2.23144730139
1537474860,6434.78,6437.0,6432.34,6434.76,6434.7,30.580576,6429.07122285,6426.67598134,66.8377702836,6433.4716796875,6435.6044921875,6434.74365234375,6435.84619140625,6436.6748046875,2.39524151468
1537474920,6434.76,6437.0,6432.63,6436.96,6435.53,31.840986,6429.89021223,6427.37048229,67.0360843515,6435.32958984375,6436.650390625,6436.423828125,6437.0126953125,6436.9033203125,2.51972993875
1537474980,6434.82,6437.0,6425.19,6429.47,6430.553333333333,18.689443,6429.84029231,6427.7068541,52.4576724059,6433.11962890625,6432.72998046875,6433.10986328125,6433.37158203125,6432.79541015625,2.13343820704
1537475040,6429.38,6429.38,6425.0,6425.0,6426.46,12.674555,6429.46728075,6427.78807899,43.5954782115,6429.27783203125,6429.1962890625,6428.71240234375,6430.251953125,6429.45751953125,1.67920175301
1537475100,6422.9,6424.47,6416.59,6423.0,6421.3533333333335,34.507755,6428.75690986,6427.5870718,33.304351458,6423.95751953125,6424.82421875,6424.2392578125,6425.74560546875,6424.66943359375,1.16983805704
1537475160,6423.0,6423.61,6418.28,6419.01,6420.3,8.673837,6427.95856788,6427.26247155,34.0436889188,6419.1396484375,6418.7099609375,6418.515625,6421.009765625,6419.248046875,0.696096336944
1537475220,6423.6,6425.84,6419.36,6420.0,6421.733333333334,6.181199,6427.36148282,6427.04567094,41.7498321943,6419.58056640625,6418.0458984375,6417.59716796875,6420.09716796875,6418.12060546875,0.315811889236
1537475280,6423.3,6423.3,6413.37,6416.0,6417.556666666666,19.256313,6426.1868173,6426.57706962,34.533307542,6417.15234375,6416.0517578125,6415.427734375,6417.32470703125,6416.38720703125,-0.390252316456
1537475340,6414.9,6414.9,6406.23,6406.65,6409.259999999999,23.800271,6423.94168457,6425.60153032,24.3557936928,6415.5947265625,6412.6845703125,6413.41357421875,6413.4599609375,6413.28515625,-1.65984574966
1537475400,6406.77,6409.99,6375.94,6382.77,6389.566666666667,305.98985,6419.07029058,6423.43890496,13.278283083,6409.6279296875,6405.76123046875,6409.11669921875,6407.384765625,6409.1142578125,-4.36861438836
1537475460,6390.92,6405.59,6386.92,6404.95,6399.153333333333,78.909416,6415.94466391,6421.91646426,27.8434694976,6406.46337890625,6402.77880859375,6407.18603515625,6404.2978515625,6405.955078125,-5.9718003463
1537475520,6401.91,6403.01,6380.06,6386.52,6389.863333333334,82.312764,6411.75779531,6419.87695389,20.8511027406,6402.98388671875,6399.66259765625,6404.2978515625,6401.18359375,6403.16845703125,-8.11915858227
1537475580,6385.74,6400.0,6382.04,6388.49,6390.176666666666,55.256325,6407.92536136,6417.9528504,21.5374706632,6402.65966796875,6398.6025390625,6403.3720703125,6399.18603515625,6401.59716796875,-10.0274890354
1537475700,6388.63,6388.63,6388.63,6388.63,6388.63,0.028257,6404.18709118,6415.96594916,19.3994048457,6398.0634765625,6394.9853515625,6398.50048828125,6394.40185546875,6397.73486328125,-11.77885798
1537475700,6388.63,6389.9,6370.0,6379.99,6379.963333333333,111.166809,6399.85835075,6413.50720354,15.6732402779,6393.78662109375,6391.53515625,6394.37841796875,6389.61474609375,6394.37646484375,-13.6488527932
1537475820,6374.78,6374.78,6372.98,6372.98,6373.579999999999,0.642342,6395.25040937,6410.73937812,13.4491895978,6385.845703125,6384.2138671875,6386.361328125,6382.15087890625,6386.08935546875,-15.4889687482
1537475880,6370.93,6373.47,6370.93,6372.0,6372.133333333334,0.284505,6391.07805795,6407.92089339,13.5143231363,6380.30908203125,6379.26171875,6381.10498046875,6376.27294921875,6379.16845703125,-16.842835435
1537475940,6357.83,6358.99,6356.86,6356.86,6357.57,2.888053,6385.40889765,6404.431245,10.5823657436,6371.8271484375,6370.40478515625,6371.7734375,6368.38818359375,6369.02099609375,-19.0223473555
1537476000,6360.0,6363.92,6360.0,6363.39,6362.436666666667,1.14416,6380.80620735,6401.51912132,18.2269280398,6368.033203125,6365.41552734375,6366.4599609375,6364.27880859375,6364.1240234375,-20.7129139683
1537476060,6359.36,6361.3,6358.01,6358.01,6359.106666666667,2.244082,6376.35132866,6398.51344392,17.2917774618,6364.22900390625,6362.0732421875,6362.001953125,6360.00341796875,6361.27001953125,-22.1621152625
1537476120,6350.18,6354.09,6350.18,6354.08,6352.783333333333,2.431152,6371.82082162,6395.21498235,14.7736503156,6359.5615234375,6358.65966796875,6356.74072265625,6356.57568359375,6357.787109375,-23.3941607288
1537476180,6360.09,6360.09,6360.08,6360.09,6360.086666666667,3.503538,6369.50532121,6392.44833319,25.333023617,6358.47412109375,6358.36376953125,6353.90869140625,6354.2177734375,6356.24560546875,-22.9430119779
1537476240,6365.04,6367.61,6365.04,6367.6,6366.75,0.951458,6367.84157818,6390.15190095,34.7771785855,6362.27783203125,6361.60888671875,6356.76611328125,6355.9560546875,6359.041015625,-22.3103227613
1537476300,6371.8,6372.99,6371.03,6372.99,6372.336666666667,0.968573,6367.46180321,6388.16514105,45.7078448965,6367.41796875,6367.99951171875,6362.2568359375,6360.84814453125,6364.0703125,-20.7033378452
1537476360,6369.6,6369.7,6366.62,6366.68,6367.666666666667,1.221266,6366.4901654,6386.00621895,38.1983978621,6367.92626953125,6369.92578125,6363.28955078125,6362.46826171875,6366.5654296875,-19.5160535509
1537476420,6372.75,6378.15,6369.83,6376.0,6374.66,7.370417,6366.5860586,6384.29890707,48.8323006448,6370.26953125,6375.056640625,6366.8994140625,6366.037109375,6370.83251953125,-17.712848473
1537476480,6379.92,6379.92,6377.39,6377.41,6378.240000000001,13.442973,6367.52302763,6382.85107388,52.2742342777,6374.26806640625,6379.9599609375,6370.39501953125,6371.2265625,6376.36181640625,-15.3280462546
1537476540,6380.0,6380.01,6380.0,6380.0,6380.003333333334,1.456721,6368.88989865,6381.54915899,54.551590151,6379.408203125,6385.04833984375,6375.2119140625,6377.234375,6382.48779296875,-12.6592603428
1537476600,6380.0,6382.98,6377.0,6378.23,6379.403333333333,6.16533,6370.12306572,6380.36858353,57.5313321025,6380.22900390625,6386.310546875,6376.265625,6378.35693359375,6383.9345703125,-10.2455178053
1537476660,6369.01,6370.0,6369.01,6369.01,6369.34,6.763749,6370.57237515,6378.71173897,48.029211702,6376.3232421875,6382.0791015625,6372.12890625,6374.89306640625,6381.76611328125,-8.13936382155
1537476720,6371.46,6378.08,6371.46,6378.08,6375.873333333334,4.176442,6371.62364121,6377.62554752,55.2546874253,6377.1015625,6382.4326171875,6372.62060546875,6376.35205078125,6383.75439453125,-6.00190630762
1537476780,6375.0,6378.04,6374.44,6374.99,6375.823333333334,5.556072,6372.72338237,6376.60149287,61.7719564198,6379.4091796875,6386.51904296875,6376.5048828125,6381.11279296875,6387.2548828125,-3.878110503
1537476840,6373.24,6373.25,6371.45,6373.24,6372.646666666667,0.696352,6373.58982034,6375.39421449,55.2934882808,6377.97216796875,6385.66845703125,6376.390625,6381.4501953125,6386.3505859375,-1.8043941539
1537476900,6370.9,6370.9,6370.01,6370.9,6370.603333333333,1.368858,6373.79256303,6374.19988344,53.9712968501,6374.47900390625,6382.5869140625,6373.3662109375,6379.93505859375,6383.2060546875,-0.40732040659
1537476960,6370.01,6370.36,6370.01,6370.01,6370.126666666666,1.826441,6373.62242263,6373.20131963,56.6718385263,6374.396484375,6382.087890625,6374.05029296875,6380.16796875,6382.7255859375,0.42110299624
1537477020,6368.61,6370.5,6366.0,6370.48,6368.993333333333,8.457855,6373.0731999,6372.59531818,50.8770720429,6372.0751953125,6380.271484375,6372.861328125,6378.85009765625,6379.71533203125,0.477881725908
1537477080,6370.48,6370.5,6369.24,6369.24,6369.66,3.524886,6372.86421342,6371.84801224,47.8346683708,6373.24755859375,6381.51611328125,6375.36474609375,6380.14208984375,6379.88916015625,1.0162011771
1537477140,6372.99,6373.24,6372.99,6373.24,6373.156666666667,0.93389,6372.82354749,6371.54120609,51.0868558835,6371.68994140625,6379.27392578125,6373.65185546875,6377.544921875,6378.2431640625,1.28234139934
1537477200,6380.99,6384.31,6375.0,6378.43,6379.246666666667,12.174871,6373.42596057,6371.60904924,64.5470117314,6376.46142578125,6382.74853515625,6376.853515625,6378.92529296875,6381.62451171875,1.81691133276
1537477260,6380.97,6381.14,6375.33,6379.72,6378.7300000000005,7.157205,6373.83090768,6371.67605221,59.6824449746,6379.22119140625,6383.60693359375,6378.21337890625,6377.77490234375,6382.09912109375,2.15485547473
1537477320,6379.89,6379.89,6376.26,6376.26,6377.470000000001,0.449769,6374.0621614,6371.84978979,54.1463321516,6380.18359375,6384.6875,6380.46484375,6377.8203125,6383.58447265625,2.21237160744
1537477380,6370.73,6372.98,6370.0,6370.0,6370.993333333333,4.285,6373.86815567,6371.76076062,39.9684142211,6374.509765625,6378.1044921875,6376.279296875,6372.61767578125,6377.63623046875,2.10739505467
1537477440,6363.16,6373.0,6360.0,6368.02,6367.006666666667,37.881792,6372.88215764,6371.4644562,34.6612631243,6370.8359375,6373.71630859375,6371.955078125,6367.90673828125,6373.61669921875,1.41770144019
1537477500,6366.62,6368.66,6364.74,6366.49,6366.63,3.047175,6371.93475124,6371.46910197,39.1957222815,6368.72998046875,6370.6328125,6369.02978515625,6365.6181640625,6370.6796875,0.465649271291
1537477560,6360.0,6360.0,6351.0,6357.35,6356.116666666666,17.524308,6369.83358515,6370.7316507,20.8789594873,6362.88623046875,6364.62158203125,6363.0869140625,6361.00048828125,6364.6083984375,-0.898065556836
1537477620,6357.47,6361.85,6357.47,6360.01,6359.776666666668,0.584901,6368.48375363,6370.31646156,30.1376012748,6359.09716796875,6362.353515625,6361.0458984375,6358.16064453125,6361.45654296875,-1.83270793027
1537477680,6363.12,6363.13,6360.91,6360.91,6361.650000000001,4.022591,6367.51730846,6370.16670801,35.6259512015,6358.06005859375,6363.099609375,6362.12939453125,6357.75634765625,6361.45166015625,-2.64939955266
1537477740,6360.46,6363.55,6360.15,6363.55,6362.416666666667,2.231168,6366.78498509,6369.91276974,38.3073963236,6357.98095703125,6364.1845703125,6363.13330078125,6357.0322265625,6361.9521484375,-3.12778465571
1537477800,6361.0,6363.55,6360.0,6360.03,6361.193333333333,6.132381,6365.92691724,6369.45176467,36.7833053914,6359.49658203125,6365.01806640625,6364.40966796875,6357.35205078125,6364.4599609375,-3.52484743115
1537477860,6365.71,6372.12,6362.62,6369.16,6367.966666666667,11.285296,6365.8760405,6369.2998591,51.0173029061,6362.2724609375,6366.767578125,6366.47314453125,6358.6875,6366.64599609375,-3.42381860416
